date,open,high,low,close,volume
2020-01-02,12.7499673,13.00574172,12.57945102,12.60270324,100291514
2020-01-03,12.69571212,12.69571212,12.2074155,12.3624303,107482373
2020-01-06,12.2461692,12.25391994,12.0524007,12.15316032,126336546
2020-01-07,12.18416328,12.26167068,12.07565292,12.23841846,85522490
2020-01-08,12.0911544,12.11440662,11.94389034,12.02914848,88280529
2020-01-09,12.54069732,12.7112136,12.37018104,12.61820472,194617667
2020-01-10,12.6337062,12.66470916,12.3236766,12.41668548,95677137
2020-01-13,12.47094066,12.80422248,12.45543918,12.77321952,90169930
2020-01-14,12.788721,12.85847766,12.61045398,12.6724599,59886642
2020-01-15,12.6724599,12.73446582,12.44768844,12.50194362,54985270
2020-01-16,12.52519584,12.61820472,12.39343326,12.42443622,62351564
2020-01-17,12.4786914,12.57945102,12.39343326,12.49419288,47033226
2020-01-20,12.49419288,12.53294658,12.2461692,12.38568252,58488755
2020-01-21,12.26167068,12.30817512,11.95939182,11.9748933,91010838
2020-01-22,11.96714256,12.33142734,11.84313072,12.30042438,96210885
2020-01-23,12.09890514,12.2074155,11.80437702,11.88188442,82177127
2020-02-03,10.7735286,11.03705376,10.6960212,10.83553452,182050954
2020-02-04,10.9285434,11.14556412,10.74252564,11.09130894,111986793
2020-02-05,11.0060508,11.33158188,10.91304192,11.22307152,116900955
2020-02-06,11.30832966,11.37808632,11.0835582,11.2773267,103926556
2020-02-07,11.13781338,11.238573,11.0060508,11.1610656,68873215
2020-02-10,10.99830006,11.62611,10.95179562,11.49434742,111229579
2020-02-11,11.40133854,11.8198785,11.3935878,11.60285778,84994830
2020-02-12,11.49434742,11.68811592,11.4323415,11.55635334,64811582
2020-02-13,11.71911888,12.07565292,11.71136814,11.92838886,109993538
2020-02-14,11.9748933,12.3624303,11.92838886,12.3236766,95305965
2020-02-17,12.42443622,12.4786914,12.04464996,12.19966476,98722390
2020-02-18,12.06015144,12.18416328,11.94389034,12.013647,75872057
2020-02-19,11.98264404,12.12215736,11.87413368,11.99814552,58011333
2020-02-20,11.94389034,12.13765884,11.9361396,12.12215736,82978441
2020-02-21,12.0911544,12.12215736,11.7811248,11.88188442,84402343
2020-02-24,11.84313072,11.86638294,11.5098489,11.69586666,84240473
2020-02-25,11.6648637,12.03689922,11.64936222,11.82762924,95768234
2020-02-26,11.7036174,12.75771804,11.64936222,12.39343326,214158722
2020-02-27,12.43218696,12.5174451,12.18416328,12.26942142,99061490
2020-02-28,12.1686618,12.76546878,12.10665588,12.54844806,160963034
2020-03-02,12.71896434,13.18400874,12.7112136,12.93598506,179390473
2020-03-03,13.01349246,13.0987506,12.58720176,12.87397914,147133654
2020-03-04,12.9824895,13.4475339,12.71896434,13.02899394,160972054
2020-03-05,12.9437358,13.30802058,12.788721,13.20726096,114883552
2020-03-06,13.02899394,13.0987506,12.7112136,12.78097026,87520562
2020-03-09,12.54844806,12.69571212,12.27717216,12.53294658,84757998
2020-03-10,12.62595546,12.8662284,12.3624303,12.70346286,71118841
2020-03-11,12.7499673,12.91273284,12.54069732,12.5949525,74638194
2020-03-12,12.48644214,12.81972396,12.34692882,12.70346286,70934634
2020-03-13,12.11440662,12.5949525,11.9361396,12.48644214,91755412
2020-03-16,12.44768844,12.45543918,11.79662628,11.85088146,100658885
2020-03-17,11.8198785,12.07565292,11.53310112,11.69586666,87532699
2020-03-18,11.67261444,11.78887554,11.1610656,11.17656708,91866719
2020-03-19,11.02155228,11.238573,10.3859916,10.851036,104088956
2020-03-20,10.99054932,11.3160804,10.7735286,11.23082226,64316724
2020-03-23,10.83553452,11.0448045,10.6960212,10.91304192,52340293
2020-03-24,11.09130894,11.36258484,11.0060508,11.25407448,54728523
2020-03-25,11.44784298,11.84313072,11.26957596,11.75787258,91658679
2020-03-26,11.5098489,11.83537998,11.48659668,11.71911888,60870443
2020-03-27,11.88188442,12.013647,11.7036174,11.8198785,70991398
2020-03-30,11.69586666,11.99039478,11.60285778,11.7811248,78898556
2020-03-31,11.8586322,11.8973859,11.3935878,11.52535038,69537191
2020-04-01,11.5486026,11.88188442,11.46334446,11.60285778,58373596
2020-04-02,11.5486026,11.69586666,11.48659668,11.69586666,39451319
2020-04-03,11.59510704,11.75012184,11.56410408,11.64936222,33392200
2020-04-07,11.8586322,11.87413368,11.65711296,11.75012184,64231644
2020-04-08,11.69586666,11.81212776,11.60285778,11.75787258,41813635
2020-04-09,11.76562332,11.76562332,11.50209816,11.57960556,38659332
2020-04-10,11.5486026,11.75787258,11.30057892,11.38583706,66553781
2020-04-13,11.38583706,11.7423711,11.32383114,11.68036518,47921493
2020-04-14,11.7811248,12.26942142,11.71911888,12.08340366,82433918
2020-04-15,12.013647,12.09890514,11.78887554,11.8586322,44248546
2020-04-16,12.0911544,12.34692882,11.98264404,12.21516624,83885351
2020-04-17,12.30817512,12.31592586,12.14540958,12.26167068,51105847
2020-04-20,12.26167068,12.33917808,11.88188442,12.30817512,66933120
2020-04-21,12.3236766,12.53294658,12.17641254,12.34692882,72101092
2020-04-22,12.2849229,12.3624303,12.0911544,12.3624303,45900468
2020-04-23,12.3624303,12.43218696,12.15316032,12.31592586,50066863
2020-04-24,12.29267364,12.3236766,12.18416328,12.27717216,34260795
2020-04-27,12.27717216,12.58720176,12.26167068,12.33142734,43557259
2020-04-28,12.37793178,12.6724599,12.34692882,12.5174451,51766641
2020-04-29,12.4786914,12.91273284,12.4786914,12.79647174,50707404
2020-04-30,12.80422248,12.81972396,12.5174451,12.58720176,59730409
2020-05-06,12.40893474,12.48644214,12.14540958,12.30042438,91552625
2020-05-07,12.21516624,12.33917808,12.15316032,12.18416328,49295884
2020-05-08,12.27717216,12.34692882,12.16091106,12.31592586,63756063
2020-05-11,12.30817512,12.37018104,12.18416328,12.2074155,58748185
2020-05-12,12.22291698,12.26942142,12.1299081,12.19966476,43994849
2020-05-13,12.17641254,12.2074155,12.02914848,12.16091106,45708229
2020-05-14,12.09890514,12.16091106,11.83537998,11.8973859,57264222
2020-05-15,11.9361396,11.98264404,11.69586666,11.82762924,55022106
2020-05-18,11.87413368,12.06015144,11.82762924,11.98264404,51225936
2020-05-19,12.1686618,12.1686618,11.8586322,11.8973859,42413865
2020-05-20,11.86638294,11.9748933,11.7423711,11.83537998,37692299
2020-05-21,11.90513664,11.92063812,11.61835926,11.6648637,38327899
2020-05-22,11.68811592,11.68811592,11.4323415,11.4323415,48662611
2020-05-25,11.5486026,11.82762924,11.48659668,11.8198785,52135701
2020-05-26,11.92063812,11.92838886,11.75012184,11.86638294,33127875
2020-05-27,11.86638294,11.9748933,11.79662628,11.92838886,35544329
2020-05-28,11.92838886,12.2074155,11.90513664,12.00589626,72571273
2020-05-29,12.0713705,12.08773846,11.69490742,11.75219528,59572753
2020-06-01,11.85040304,12.14502632,11.79311518,12.1122904,52476735
2020-06-02,12.0304506,12.51330542,12.01408264,12.44783358,72298412
2020-06-03,12.54604134,12.91432044,12.47238552,12.4805695,77345602
2020-06-04,12.61969716,12.66061706,12.2350501,12.34962582,48221400
2020-06-05,12.34962582,12.34962582,12.01408264,12.16139428,63714681
2020-06-08,12.20231418,12.39054572,12.12047438,12.20231418,62910505
2020-06-09,12.20231418,12.41509766,12.16139428,12.2350501,54881519
2020-06-10,12.2350501,12.2350501,11.93224284,11.97316274,68570468
2020-06-11,11.9486108,11.97316274,11.71127538,11.7440113,64919191
2020-06-12,11.6212516,11.84221906,11.5803317,11.7849312,58645660
2020-06-15,11.65398752,11.9076909,11.62943558,11.73582732,48510773
2020-06-16,11.89950692,11.96497876,11.80948314,11.89132294,43103082
2020-06-17,11.85040304,11.89132294,11.6621715,11.75219528,49270294
2020-06-18,11.84221906,11.99771468,11.80948314,11.95679478,57945119
2020-06-19,11.95679478,11.96497876,11.76037926,11.91587488,90211582
2020-06-22,11.83403508,11.92405886,11.7849312,11.81766712,59073258
2020-06-23,11.7849312,11.85040304,11.67853946,11.71127538,54277371
2020-06-24,11.76037926,12.0713705,11.72764334,12.06318652,104266987
2020-06-29,11.99771468,12.01408264,11.76037926,11.89132294,56053508
2020-06-30,11.92405886,12.09592244,11.85040304,12.09592244,61162772
2020-07-01,12.12047438,13.30715148,12.03863458,13.0125282,215227405
2020-07-02,13.11073596,13.57722282,13.04526412,13.39717526,182054250
2020-07-03,13.43809516,13.82274222,13.03708014,13.3808073,167075967
2020-07-06,13.69179854,14.72298002,13.69179854,14.72298002,221836541
2020-07-07,15.11581106,15.3040426,14.3628849,14.45290868,166157546
2020-07-08,14.4856446,14.80481982,14.2401252,14.55930042,124796969
2020-07-09,14.72298002,14.88665962,14.22375724,14.83755574,132133590
2020-07-10,14.51019654,14.71479604,14.10918152,14.27286112,131841829
2020-07-13,14.1582854,14.41198878,13.7900063,14.16646938,123497190
2020-07-14,14.0764456,14.2401252,13.56903884,13.85547814,136288392
2020-07-15,13.96186988,14.10099754,13.43809516,13.4626471,108990452
2020-07-16,13.56903884,13.77363834,13.19257576,13.20894372,120763344
2020-07-17,13.2989675,13.43809516,12.9306884,13.15165586,99975212
2020-07-20,13.28259954,13.97005386,13.1762078,13.80637426,134174045
2020-07-21,13.7900063,13.85547814,13.4626471,13.59359078,97163255
2020-07-22,13.51175098,13.82274222,13.45446312,13.53630292,104729978
2020-07-23,13.35625536,13.48719904,13.06163208,13.2989675,82322286
2020-07-24,13.27441556,13.53630292,12.8488486,12.98797626,93323392
2020-07-27,13.11073596,13.1352879,12.57059328,12.70153696,91823481
2020-07-28,12.8079287,12.91432044,12.61969716,12.8488486,92207107
2020-07-29,12.77519278,12.98797626,12.61151318,12.9306884,89848619
2020-07-30,12.92250442,12.92250442,12.67698502,12.70153696,101517589
2020-07-31,12.63606512,12.94705636,12.6033292,12.7670088,97628429
2020-08-03,12.8897685,13.1762078,12.85703258,12.99616024,128899231
2020-08-04,13.0125282,13.3808073,12.87340054,13.28259954,148955836
2020-08-05,13.1352879,13.1352879,12.8488486,12.92250442,139764934
2020-08-06,12.9306884,13.0534481,12.75882482,13.0125282,78621326
2020-08-07,12.91432044,13.00434422,12.7670088,12.90613646,73189364
2020-08-10,12.8488486,13.4626471,12.82429666,13.31533546,146659435
2020-08-11,13.34807138,13.65906262,13.24986362,13.2989675,127885510
2020-08-12,13.3398874,13.61814272,13.2580476,13.5444869,97631939
2020-08-13,13.51175098,13.60995874,13.3808073,13.51993496,62409308
2020-08-14,13.51175098,14.00278978,13.41354322,13.92913396,122190794
2020-08-17,13.9536859,14.55111644,13.7900063,14.24830918,138952924
2020-08-18,14.23194122,14.31378102,13.71635048,13.88003008,116566540
2020-08-19,13.86366212,13.86366212,13.56903884,13.68361456,85473104
2020-08-20,13.63451068,13.69998252,13.4626471,13.6263267,68285894
2020-08-21,13.72453446,13.7490864,13.44627914,13.55267088,57690937
2020-08-24,13.6672466,13.78182232,13.4626471,13.48719904,63564072
2020-08-25,13.48719904,13.61814272,13.3808073,13.53630292,68046452
2020-08-26,13.5444869,13.84729416,13.4626471,13.61814272,88109061
2020-08-27,13.5854068,13.5854068,13.08618402,13.2580476,113887484
2020-08-28,13.18439178,13.53630292,13.15165586,13.47901506,92934193
2020-08-31,13.57722282,13.71635048,13.15165586,13.1762078,99898622
2020-09-01,13.20075974,13.2989675,13.11891994,13.26623158,68400387
2020-09-02,13.19257576,13.4626471,13.1352879,13.31533546,86810278
2020-09-03,13.31533546,13.52811894,13.22531168,13.4217272,87621731
2020-09-04,13.2989675,13.503567,13.15983984,13.47901506,72699272
2020-09-07,13.35625536,14.01097376,13.34807138,13.59359078,120236610
2020-09-08,13.65087864,13.81455824,13.4626471,13.59359078,74992880
2020-09-09,13.4626471,13.5854068,13.26623158,13.4217272,61264061
2020-09-10,13.5854068,14.1582854,13.5854068,13.72453446,128660598
2020-09-11,13.74090242,13.81455824,13.4626471,13.56903884,77167910
2020-09-14,13.5854068,13.69179854,13.38899128,13.5444869,58519133
2020-09-15,13.503567,13.73271844,13.36443934,13.63451068,64890107
2020-09-16,13.56903884,13.88821406,13.48719904,13.78182232,78509632
2020-09-17,13.71635048,13.82274222,13.5854068,13.61814272,57441074
2020-09-18,13.61814272,14.1992053,13.59359078,14.1992053,140870075
2020-09-21,14.20738928,14.22375724,13.93731794,13.97005386,75074277
2020-09-22,13.88003008,13.96186988,13.69998252,13.78182232,57205592
2020-09-23,13.7900063,13.82274222,13.60995874,13.65087864,53094169
2020-09-24,13.63451068,13.64269466,13.36443934,13.39717526,64752055
2020-09-25,13.36443934,13.4626471,12.92250442,13.00434422,93486243
2020-09-28,13.08618402,13.27441556,13.0125282,13.2171277,72570253
2020-09-29,13.19257576,13.24167964,13.11891994,13.15165586,49830932
2020-09-30,13.2580476,13.2989675,12.87340054,13.00434422,67589199
2020-10-09,13.094368,13.1762078,12.98797626,13.14347188,54671938
2020-10-12,13.20894372,13.44627914,13.1762078,13.44627914,81152180
2020-10-13,13.35625536,13.37262332,13.1352879,13.26623158,65703037
2020-10-14,13.19257576,13.24167964,13.10255198,13.19257576,43485147
2020-10-15,13.19257576,13.34807138,13.16802382,13.19257576,42923645
2020-10-16,13.20075974,13.31533546,13.15983984,13.26623158,51472911
2020-10-19,13.35625536,13.71635048,13.24986362,13.33170342,88006705
2020-10-20,13.26623158,13.30715148,13.11891994,13.2171277,53602838
2020-10-21,13.22531168,13.31533546,13.08618402,13.26623158,55498359
2020-10-22,13.2580476,13.49538302,13.2171277,13.3398874,68195909
2020-10-23,13.30715148,13.55267088,13.24167964,13.4217272,77728683
2020-10-26,13.503567,13.60177476,13.3398874,13.45446312,59443899
2020-10-27,13.41354322,13.45446312,13.094368,13.1352879,86912428
2020-10-28,13.1352879,13.15983984,12.75064084,12.86521656,79566925
2020-10-29,12.75064084,13.00434422,12.71790492,12.89795248,54463620
2020-10-30,12.84066462,13.094368,12.45601756,12.57059328,103910723
2020-11-02,12.61151318,12.78337676,12.57059328,12.67698502,52432235
2020-11-03,12.69335298,12.78337676,12.55422532,12.74245686,56036919
2020-11-04,12.67698502,12.81611268,12.65243308,12.71790492,40054153
2020-11-05,12.77519278,13.12710392,12.77519278,13.02889616,82603458
2020-11-06,13.07800004,13.31533546,13.0125282,13.22531168,82879002
2020-11-09,13.3398874,13.39717526,13.1352879,13.24986362,77143557
2020-11-10,13.30715148,13.47083108,13.1352879,13.19257576,58562829
2020-11-11,13.19257576,13.503567,13.1352879,13.4217272,99105024
2020-11-12,13.33170342,13.43809516,13.24167964,13.31533546,50339875
2020-11-13,13.23349566,13.24167964,12.8488486,12.91432044,78733125
2020-11-16,12.9306884,13.1352879,12.86521656,13.08618402,65890484
2020-11-17,13.08618402,13.59359078,13.06163208,13.55267088,156810978
2020-11-18,13.56903884,13.96186988,13.2989675,13.69179854,148960700
2020-11-19,13.74090242,13.9946058,13.65087864,13.90458202,121050845
2020-11-20,13.97823784,13.97823784,13.65087864,13.88003008,63629087
2020-11-23,13.9536859,14.01097376,13.73271844,13.88003008,72772049
2020-11-24,13.7900063,13.9536859,13.6672466,13.73271844,60614933
2020-11-25,13.82274222,14.01097376,13.69179854,13.77363834,70508144
2020-11-26,13.80637426,13.85547814,13.56903884,13.82274222,54977497
2020-11-27,13.86366212,14.24830918,13.8309262,14.2401252,99585427
2020-11-30,14.25649316,14.73934798,14.09281356,14.09281356,132145433
2020-12-01,14.0764456,14.1582854,13.64269466,14.1173655,101651427
2020-12-02,14.1173655,14.53474848,13.9536859,14.21557326,83731286
2020-12-03,14.21557326,14.29741306,14.00278978,14.13373346,51263411
2020-12-04,14.13373346,14.1582854,13.76545436,13.88003008,56576610
2020-12-07,13.8309262,13.88003008,13.48719904,13.53630292,63418742
2020-12-08,13.56903884,13.60995874,13.38899128,13.47083108,48396951
2020-12-09,13.503567,13.53630292,13.28259954,13.33170342,59508659
2020-12-10,13.32351944,13.43809516,13.15983984,13.26623158,47426545
2020-12-11,13.3398874,13.3398874,13.02071218,13.07800004,53568750
2020-12-14,13.2580476,13.31533546,13.094368,13.26623158,56305982
2020-12-15,13.24167964,13.2580476,13.0125282,13.11073596,48340704
2020-12-16,13.15165586,13.3398874,13.0534481,13.1762078,49582101
2020-12-17,13.15983984,13.28259954,13.0534481,13.22531168,53639387
2020-12-18,13.18439178,13.22531168,12.95524034,13.1352879,97168615
2020-12-21,13.04526412,13.06981606,12.84066462,13.02071218,67563920
2020-12-22,12.99616024,13.33170342,12.88158452,13.04526412,82822876
2020-12-23,13.07800004,13.10255198,12.7260889,12.8079287,90858242
2020-12-24,12.81611268,12.91432044,12.66880104,12.7670088,47985492
2020-12-25,12.86521656,12.87340054,12.685169,12.86521656,35181324
2020-12-28,12.8488486,12.90613646,12.57877726,12.81611268,69506487
2020-12-29,12.8488486,13.0125282,12.83248064,12.89795248,60610686
2020-12-30,12.88158452,12.9306884,12.71790492,12.7670088,55300050
2020-12-31,12.77519278,12.97979228,12.71790492,12.94705636,72241786
2021-01-04,12.83248064,12.83248064,12.42328164,12.51330542,123298817
2021-01-05,12.43146562,12.4396496,12.01408264,12.3578098,132655847
2021-01-06,12.29233796,12.49693746,12.2350501,12.46420154,103979670
2021-01-07,12.47238552,12.6442491,12.12047438,12.32507388,100355191
2021-01-08,12.25960204,12.48875348,12.21049816,12.43146562,77412566
2021-01-11,12.43146562,12.6442491,12.24323408,12.30870592,123693474
2021-01-12,12.3168899,12.43146562,12.16139428,12.41509766,86881886
2021-01-13,12.4805695,12.83248064,12.37417776,12.6442491,120570979
2021-01-14,12.62788114,12.95524034,12.58696124,12.66061706,98063340
2021-01-15,12.61151318,12.8897685,12.61151318,12.70153696,85835087
2021-01-18,12.75882482,13.12710392,12.59514522,13.06163208,127787610
2021-01-19,12.8897685,13.4217272,12.7670088,13.1762078,182193556
2021-01-20,13.06981606,13.07800004,12.69335298,12.83248064,95879054
2021-01-21,12.7670088,12.81611268,12.46420154,12.53785736,134581587
2021-01-22,12.40691368,12.41509766,12.13684234,12.13684234,120563606
2021-01-25,12.07955448,12.07955448,11.75219528,11.97316274,143084553
2021-01-26,11.94042682,12.10410642,11.87495498,11.9486108,80402047
2021-01-27,11.95679478,12.07955448,11.6621715,11.76037926,94181990
2021-01-28,11.62943558,11.62943558,11.40028414,11.4984919,91456666
2021-01-29,11.53122782,11.5803317,11.26934046,11.30207638,72071290
2021-02-01,11.31026036,11.42483608,11.11384484,11.31026036,64637481
2021-02-02,11.31026036,11.51485986,11.24478852,11.457572,73421321
2021-02-03,11.4984919,11.4984919,11.2120526,11.26115648,54348435
2021-02-04,11.24478852,11.24478852,10.89287738,10.95016524,97634543
2021-02-05,10.95016524,11.38391618,10.91742932,11.2529725,88379379
2021-02-08,11.44120404,11.63761956,11.2938924,11.4166521,84510315
2021-02-09,11.4166521,11.49030792,11.22842056,11.35936424,62771958
2021-02-10,11.35118026,11.46575598,11.26934046,11.31844434,54345683
2021-02-18,11.38391618,11.7849312,11.3757322,11.75219528,92524355
2021-02-19,11.67853946,11.866771,11.60488364,11.79311518,64012114
2021-02-22,11.80129916,12.12047438,11.7030914,12.0304506,90458256
2021-02-23,11.91587488,12.12865836,11.89132294,11.9895307,49177708
2021-02-24,11.99771468,12.26778602,11.95679478,12.12865836,96124774
2021-02-25,12.3168899,13.3398874,12.26778602,13.15165586,386495600
2021-02-26,12.83248064,13.1352879,12.5214894,12.71790492,179897461
2021-03-01,12.84066462,13.32351944,12.61151318,13.15983984,142536044
2021-03-02,13.14347188,13.61814272,13.0125282,13.11073596,129691037
2021-03-03,12.97979228,13.34807138,12.90613646,13.15983984,89475113
2021-03-04,13.07800004,13.32351944,12.685169,12.78337676,112271783
2021-03-05,12.67698502,12.91432044,12.36599378,12.54604134,98639401
2021-03-08,12.67698502,12.7670088,12.42328164,12.42328164,65010774
2021-03-09,12.48875348,12.66880104,12.27597,12.32507388,78823485
2021-03-10,12.41509766,12.48875348,12.12865836,12.1941302,66935872
2021-03-11,12.22686612,12.46420154,12.1941302,12.27597,61152835
2021-03-12,12.29233796,12.7670088,12.06318652,12.42328164,79003668
2021-03-15,12.47238552,12.50512144,12.16139428,12.25960204,77100176
2021-03-16,12.27597,12.8079287,12.18594622,12.75064084,89605159
2021-03-17,12.6033292,12.84066462,12.4805695,12.53785736,57941866
2021-03-18,12.57059328,12.62788114,12.42328164,12.4805695,46258005
2021-03-19,12.36599378,12.39054572,11.92405886,11.99771468,77913581
2021-03-22,11.87495498,12.0713705,11.85040304,12.01408264,40023885
2021-03-23,12.01408264,12.07955448,11.8258511,11.87495498,47757153
2021-03-24,11.85040304,11.89950692,11.6621715,11.71945936,49966688
2021-03-25,11.72764334,11.81766712,11.63761956,11.73582732,30644557
2021-03-26,11.73582732,11.8258511,11.7030914,11.7440113,39281911
2021-03-29,11.71127538,11.80948314,11.59669966,11.75219528,48836266
2021-03-30,11.7030914,11.9076909,11.6621715,11.77674722,44133028
2021-03-31,11.76037926,11.76856324,11.53122782,11.64580354,45418711
2021-04-01,11.65398752,11.69490742,11.4984919,11.5803317,33386490
2021-04-02,11.60488364,11.67853946,11.53122782,11.6212516,32698273
2021-04-06,11.6621715,11.69490742,11.59669966,11.6212516,27195249
2021-04-07,11.6212516,11.7030914,11.55577976,11.67853946,33541454
2021-04-08,11.60488364,11.61306762,11.52304384,11.5803317,34502765
2021-04-09,11.57214772,11.5803317,11.3757322,11.44938802,46172274
2021-04-12,11.457572,11.71127538,11.42483608,11.68672344,58483237
2021-04-13,11.67853946,11.76856324,11.55577976,11.72764334,42521839
2021-04-14,11.72764334,11.79311518,11.6621715,11.73582732,37603869
2021-04-15,11.73582732,11.80129916,11.6621715,11.72764334,31165260
2021-04-16,11.7849312,11.88313896,11.71127538,11.85858702,37953301
2021-04-19,11.866771,11.93224284,11.7849312,11.92405886,35640107
2021-04-20,11.77674722,11.80129916,11.52304384,11.55577976,86469697
2021-04-21,11.54759578,11.60488364,11.44120404,11.58851568,42992030
2021-04-22,11.60488364,11.7030914,11.56396374,11.62943558,41482471
2021-04-23,11.58851568,11.61306762,11.42483608,11.55577976,66423963
2021-04-26,11.51485986,11.5803317,11.44120404,11.457572,50747404
2021-04-27,11.457572,11.60488364,11.38391618,11.55577976,44975962
2021-04-28,11.59669966,11.60488364,11.4984919,11.56396374,33443765
2021-04-29,11.59669966,11.61306762,11.50667588,11.60488364,33910573
2021-04-30,11.5394118,11.60488364,11.38391618,11.457572,51401574
2021-05-06,11.40028414,11.51485986,11.3757322,11.42483608,32663204
2021-05-07,11.38391618,11.48212394,11.34299628,11.38391618,35914102
2021-05-10,11.35936424,11.3757322,11.10566086,11.24478852,49324635
2021-05-11,11.16294872,11.32662832,11.12202882,11.2938924,30236546
2021-05-12,11.22023658,11.23660454,10.95834922,11.03200504,70503609
2021-05-13,10.95834922,11.03200504,10.93379728,10.99926912,34465009
2021-05-14,11.0074531,11.1711327,10.94198126,11.15476474,44218622
2021-05-17,11.11384484,11.2529725,11.05655698,11.18750066,40865789
2021-05-18,11.1711327,11.32662832,11.09747688,11.23660454,40769856
2021-05-19,11.23660454,11.2529725,10.99926912,11.04018902,41639118
2021-05-20,11.05655698,11.06474096,10.95834922,11.04018902,32441344
2021-05-21,11.03200504,11.08110892,10.85195748,10.85195748,53319514
2021-05-24,10.82740554,10.82740554,10.6800939,10.70464584,52027282
2021-05-25,10.69646186,11.04018902,10.66372594,11.02382106,64366060
2021-05-26,11.02382106,11.50667588,11.01563708,11.22842056,107427796
2021-05-27,11.23660454,11.43302006,11.1711327,11.26115648,55342103
2021-05-28,11.2938924,11.3348123,11.03200504,11.11384484,46885045
2021-05-31,11.12202882,11.17931668,10.97471718,11.06474096,42499343
2021-06-01,11.0892929,11.14658076,10.90106136,10.93379728,42721770
2021-06-02,10.93379728,11.0892929,10.85195748,11.01563708,41839004
2021-06-03,11.0074531,11.10566086,10.95016524,10.95834922,33721015
2021-06-04,10.95016524,11.06474096,10.90106136,10.98290116,39479591
2021-06-07,10.90924534,10.90924534,10.64735798,10.7210138,66262465
2021-06-08,10.7619337,10.81922156,10.68827788,10.7210138,39036857
2021-06-09,10.74556574,10.79466962,10.7210138,10.7619337,35700878
2021-06-10,10.7619337,10.79466962,10.6800939,10.6800939,35590081
2021-06-11,10.6800939,10.74556574,10.62280604,10.69646186,45237805
2021-06-15,10.68827788,10.68827788,10.37728664,10.37728664,55571749
2021-06-16,10.3118148,10.63099002,10.27907888,10.54915022,46024364
2021-06-17,10.52459828,10.5982541,10.4345745,10.54915022,37088795
2021-06-18,10.5164143,10.53278226,10.32818276,10.45094246,39879241
2021-06-21,10.42639052,10.44275848,10.20542306,10.24634296,41477637
2021-06-22,10.24634296,10.3527347,10.0253755,10.0662954,59046742
2021-06-23,10.08266336,10.20542306,10.05811142,10.16450316,51398614
2021-06-24,10.1481352,10.25452694,10.09084734,10.1481352,39710672
2021-06-25,10.16450316,10.229975,10.11539928,10.20542306,36342555
2021-06-28,10.20542306,10.22179102,9.89443182,9.92716774,63618040
2021-06-29,9.92716774,9.9844556,9.80440804,9.820776,52143370
2021-06-30,9.85351192,9.9026158,9.80440804,9.85351192,36109105
2021-07-01,9.87806386,10.3118148,9.82895998,10.26271092,92740005
2021-07-02,10.21360704,10.22179102,9.86987988,9.89443182,56449667
2021-07-05,9.89443182,9.91898376,9.64072844,9.72256824,60937817
2021-07-06,9.71438426,10.21360704,9.66528038,10.07447938,82571120
2021-07-07,10.00900754,10.13176724,9.91898376,9.95990366,38598696
2021-07-08,9.96808764,10.00900754,9.74712018,9.91898376,52880177
2021-07-09,9.87806386,10.03355948,9.84532794,9.96808764,35368699
2021-07-12,10.04992744,10.04992744,9.82895998,9.83714396,47959190
2021-07-13,9.85351192,10.0253755,9.79622406,9.85351192,37467975
2021-07-14,9.8616959,9.8616959,9.62436048,9.64891242,48894855
2021-07-15,9.62436048,9.73075222,9.5343367,9.6570964,48378335
2021-07-16,9.60799252,9.76348814,9.60799252,9.64891242,36420226
2021-07-19,9.64072844,9.67346436,9.30518526,9.36247312,75538399
2021-07-20,9.29700128,9.38702506,9.1660576,9.33792118,64710358
2021-07-21,9.3297372,9.38702506,9.14968964,9.17424158,64577767
2021-07-22,9.17424158,9.30518526,9.10876974,9.23971342,58534000
2021-07-23,9.19879352,9.2069775,9.07603382,9.1251377,51065064
2021-07-26,8.99419402,8.99419402,8.47860328,8.51952318,117645552
2021-07-27,8.5113392,8.51952318,8.15942806,8.18398,143979405
2021-07-28,8.18398,8.35584358,8.11032418,8.21671592,111989516
2021-07-29,8.32310766,8.33947562,8.03666836,8.20034796,95725750
2021-07-30,8.06940428,8.24126786,7.99574846,8.19216398,69539153
2021-08-02,8.1430601,8.44586736,7.98756448,8.33947562,105807578
2021-08-03,8.29037174,8.37221154,8.23308388,8.25763582,54982012
2021-08-04,8.25763582,8.25763582,8.1430601,8.17579602,51074095
2021-08-05,8.3476596,8.87143432,8.3476596,8.57681104,178431811
2021-08-06,8.44586736,8.84688238,8.38039552,8.7977785,116746898
2021-08-09,8.72412268,9.68164834,8.69957074,9.46068088,213128043
2021-08-10,9.50160078,9.59162456,9.17424158,9.50978476,132944393
2021-08-11,9.81259202,10.45912644,9.81259202,10.30363082,281697344
2021-08-12,10.0662954,10.50004634,10.04174346,10.16450316,123086017
2021-08-13,10.13176724,10.19723908,9.80440804,9.83714396,154420411
2021-08-16,10.01139786,10.50804684,9.83713506,10.31635776,151958154
2021-08-17,10.27279206,10.82171988,10.1508081,10.6300308,171845343
2021-08-18,10.52547312,10.87399872,10.35121032,10.63874394,123659480
2021-08-19,10.5428994,10.56032568,10.15952124,10.2815052,107600718
2021-08-20,10.39477602,10.69102278,10.29021834,10.56032568,109310131
2021-08-23,10.4993337,10.61260452,10.35121032,10.38606288,57385093
2021-08-24,10.4122023,10.5428994,10.12466868,10.26407892,82394286
2021-08-25,10.34249718,10.35121032,9.9329796,10.01139786,80802681
2021-08-26,10.01139786,10.3250709,9.87198762,9.9329796,76349389
2021-08-27,9.90684018,9.96783216,9.66287226,9.7587168,77151567
2021-08-30,9.6715854,9.6715854,9.21850212,9.4537569,109461003
2021-08-31,9.4537569,10.00268472,9.41890434,9.92426646,113972897
2021-09-01,9.82842192,10.66488336,9.82842192,10.57775196,148956564
2021-09-02,10.6735965,11.22252432,10.56032568,10.83043302,147911568
2021-09-03,10.7171622,11.0221221,10.52547312,10.69973592,102746748
2021-09-06,10.62131766,10.8042936,10.46448114,10.49062056,61354690
2021-09-07,10.51675998,10.56903882,10.29893148,10.4993337,60454038
2021-09-08,10.5428994,10.57775196,10.33378404,10.38606288,39702681
2021-09-09,10.38606288,10.61260452,10.22922636,10.52547312,70781954
2021-09-10,10.5428994,10.90885128,10.53418626,10.85657244,104509998
2021-09-13,10.891425,11.61461562,10.76944104,11.4577791,173386145
2021-09-14,11.43163968,11.69303388,11.22252432,11.31836886,104282547
2021-09-15,11.23123746,11.44906596,10.7607279,10.99598268,113189595
2021-09-16,11.14410606,11.17024548,10.5864651,10.69973592,100226369
2021-09-17,10.70844906,11.39678712,10.59517824,11.30094258,89852064
2021-09-22,10.9785564,12.16354344,10.91756442,11.94571494,189957248
2021-09-23,12.0241332,12.39008508,11.8063047,11.91957552,129499405
2021-09-24,11.91957552,12.34651938,11.5884762,11.69303388,107414329
2021-09-27,11.762739,11.8063047,11.13539292,11.24866374,85140661
2021-09-28,11.8498704,12.2855274,11.84115726,11.87600982,171011901
2021-09-29,12.198396,12.2419617,11.83244412,12.03284634,111188490
2021-09-30,12.198396,12.6776187,12.12869088,12.22453542,113213409
2021-10-08,12.3726588,12.43365078,11.73659958,11.8063047,71247483
2021-10-11,11.8498704,12.47721648,11.8498704,12.10255146,91732920
2021-10-12,12.09383832,12.70375812,11.98928064,12.27681426,146352980
2021-10-13,12.32037996,12.49464276,11.91957552,12.11997774,86955996
2021-10-14,11.95442808,12.18096972,11.57104992,11.762739,111395796
2021-10-15,11.762739,12.1112646,11.65818132,12.0241332,85913757
2021-10-18,11.87600982,12.01542006,11.04826152,11.5884762,133138239
2021-10-19,11.5013448,11.52748422,10.9785564,11.23123746,128594055
2021-10-20,11.23123746,11.30965572,10.9785564,11.11796664,74032456
2021-10-21,11.1092535,11.78887842,11.0656878,11.72788644,122692421
2021-10-22,11.91957552,12.66890556,11.78887842,11.94571494,165525459
2021-10-25,11.59718934,12.4162245,11.5884762,11.75402586,115747512
2021-10-26,11.762739,11.8934361,11.29222944,11.3706477,93811799
2021-10-27,11.47520538,11.57104992,11.1528192,11.33579514,77747833
2021-10-28,11.49263166,11.49263166,11.00469582,11.26609002,70161484
2021-10-29,11.2835163,11.2835163,10.6735965,10.94370384,113996225
2021-11-01,10.94370384,11.1092535,10.5864651,10.6735965,79104865
2021-11-02,10.7171622,10.9785564,10.48190742,10.65617022,72865594
2021-11-03,10.63874394,11.3706477,10.56032568,11.24866374,106914414
2021-11-04,11.17895862,11.20509804,10.76944104,10.99598268,72618078
2021-11-05,10.891425,10.92627756,10.64745708,10.66488336,67089448
2021-11-08,10.78686732,10.9785564,10.64745708,10.96113012,58672053
2021-11-09,10.90013814,11.08311408,10.73458848,10.9349907,52389141
2021-11-10,11.10054036,11.8498704,10.78686732,11.762739,158448825
2021-11-11,11.91957552,12.9390129,11.90214924,12.9390129,286946816
2021-11-12,13.06971,13.18298082,12.66890556,12.95643918,215369855
2021-11-15,12.94772604,12.95643918,12.29424054,12.62533986,100785033
2021-11-16,12.57306102,12.87802092,12.53820846,12.55563474,70186249
2021-11-17,12.6776187,12.68633184,12.2855274,12.47721648,56945674
2021-11-18,12.55563474,12.66890556,12.07641204,12.198396,61789570
2021-11-19,12.11997774,13.2439728,11.9805675,13.08713628,145806518
2021-11-22,13.13941512,13.1568414,12.17225658,12.29424054,152213651
2021-11-23,12.34651938,12.79088952,12.20710914,12.5469216,74526821
2021-11-24,12.57306102,13.1132757,12.46850334,12.6776187,97709599
2021-11-25,12.52949532,12.7647501,12.3290931,12.42493764,54533770
2021-11-26,12.3726588,12.39879822,12.10255146,12.25067484,53543807
2021-11-29,12.12869088,12.31166682,12.0241332,12.1548303,47124877
2021-11-30,12.07641204,12.32037996,11.9805675,12.0676989,53548036
2021-12-01,11.9805675,12.52949532,11.97185436,12.27681426,69465990
2021-12-02,12.198396,12.81702894,12.04155948,12.5904873,67792349
2021-12-03,12.52949532,12.92158662,12.4162245,12.84316836,79508373
2021-12-06,13.30496478,13.81904004,12.9825786,13.12198884,144010566
2021-12-07,13.5489327,13.7231955,12.8083158,12.9825786,132413033
2021-12-08,12.9825786,13.13070198,12.52949532,12.99129174,87449575
2021-12-09,12.9390129,13.5924984,12.8954472,13.27882536,93506724
2021-12-10,13.2004071,13.31367792,12.73861068,13.04357058,86788369
2021-12-13,12.9390129,13.04357058,12.5904873,12.634053,96220117
2021-12-14,12.5469216,12.5469216,12.1112646,12.18096972,107761271
2021-12-15,12.1548303,12.60791358,12.09383832,12.43365078,61736026
2021-12-16,12.38137194,12.66019242,12.31166682,12.60791358,54042655
2021-12-17,12.62533986,12.9390129,12.52078218,12.57306102,58744033
2021-12-20,12.60791358,13.01743116,12.5469216,12.8083158,69738081
2021-12-21,12.8083158,13.5489327,12.8083158,13.45308816,116055640
2021-12-22,13.4618013,13.60121154,13.2439728,13.48794072,82877221
2021-12-23,13.43566188,13.70576922,13.25268594,13.5924984,62812477
2021-12-24,13.48794072,13.78418748,13.18298082,13.60121154,60705054
2021-12-27,13.7667612,13.95845028,13.22654652,13.32239106,88947152
2021-12-28,13.23525966,13.35724362,12.95643918,13.2439728,60228833
2021-12-29,13.26139908,13.33981734,13.06971,13.1132757,47067829
2021-12-30,13.07842314,13.3746699,13.00871802,13.1568414,44142856
2021-12-31,13.12198884,13.83646632,13.1132757,13.61863782,65405240
2022-01-04,13.505367,13.8538926,13.36595676,13.7667612,64521384
2022-01-05,13.62735096,14.2895496,13.60992468,13.941024,117339835
2022-01-06,13.92359772,14.08043424,13.4182356,13.51408014,81091467
2022-01-07,13.7231955,14.23727076,13.5924984,14.0717211,95015827
2022-01-10,13.74933492,14.4638124,13.69705608,14.35054158,122431885
2022-01-11,14.2895496,14.88204312,13.94973714,14.08043424,135641920
2022-01-12,14.01072912,14.1152868,13.62735096,13.941024,72931700
2022-01-13,13.93231086,14.26341018,13.51408014,13.5489327,63388983
2022-01-14,13.5489327,13.58378526,12.96515232,13.0261443,98322555
2022-01-17,12.99129174,13.66220352,12.99129174,13.39209618,78332075
2022-01-18,13.4182356,14.18499192,13.25268594,14.0717211,82854191
2022-01-19,14.18499192,14.6380752,13.8538926,14.01944226,71045292
2022-01-20,14.2895496,14.35925472,13.43566188,13.505367,123311348
2022-01-21,13.505367,13.75804806,13.2875385,13.48794072,63986013
2022-01-24,13.45308816,14.10657366,13.3311042,13.93231086,84994496
2022-01-25,13.83646632,14.00201598,13.51408014,13.54021956,42176253
2022-01-26,13.74933492,13.75804806,13.38338304,13.5489327,44827716
2022-01-27,13.5489327,14.00201598,13.2439728,13.6360641,57709984
2022-01-28,13.7231955,14.05429482,13.55764584,13.6796298,78806455
2022-02-07,13.69705608,14.04558168,13.3311042,13.90617144,81531265
2022-02-08,13.77547434,14.05429482,13.65349038,13.7667612,83074343
2022-02-09,13.81904004,14.376681,13.47922758,13.58378526,113007580
2022-02-10,13.4182356,14.35925472,13.16555454,13.95845028,134878319
2022-02-11,13.91488458,14.34182844,13.6796298,13.7231955,96845190
2022-02-14,13.56635898,13.74062178,13.2439728,13.33981734,76202615
2022-02-15,13.33981734,13.44437502,13.22654652,13.34853048,51019976
2022-02-16,13.36595676,13.96716342,13.2439728,13.80161376,70872806
2022-02-17,13.82775318,13.82775318,13.31367792,13.49665386,68250513
2022-02-18,13.505367,14.25469704,13.505367,14.22855762,129348761
2022-02-21,14.25469704,14.3331153,13.99330284,14.23727076,76247061
2022-02-22,14.23727076,14.5945095,14.0281554,14.3331153,69813733
2022-02-23,14.30697588,14.35925472,13.84517946,14.01072912,60743583
2022-02-24,13.95845028,14.21984448,13.80161376,13.91488458,50313089
2022-02-25,13.8974583,14.2459839,13.69705608,13.77547434,65615988
2022-02-28,13.70576922,13.92359772,13.505367,13.78418748,47529468
2022-03-01,13.78418748,14.30697588,13.70576922,14.2459839,70649863
2022-03-02,14.32440216,14.812338,14.26341018,14.4202467,84178168
2022-03-03,14.4638124,15.01274022,14.4638124,14.90818254,102837225
2022-03-04,14.82105114,14.9430351,14.5073781,14.82976428,67775365
2022-03-07,14.812338,15.34383954,14.71649346,14.95174824,105960775
2022-03-08,14.8994694,15.04759278,14.55965694,14.6380752,59747333
2022-03-09,14.70778032,14.89075626,13.62735096,14.13271308,140779891
2022-03-10,14.2895496,14.35925472,13.8103269,14.08043424,73760806
2022-03-11,13.941024,14.1588525,13.68834294,14.14142622,50499051
2022-03-14,13.86260574,14.88204312,13.7667612,14.23727076,105490794
2022-03-15,14.1152868,14.2024182,12.81702894,12.81702894,121610771
2022-03-16,12.634053,13.3311042,11.86729668,13.06099686,169020017
2022-03-17,13.60121154,13.71448236,13.27882536,13.45308816,129218516
2022-03-18,13.2439728,14.79491172,13.1568414,14.79491172,125161541
2022-03-21,14.64678834,14.69906718,14.08914738,14.52480438,108437971
2022-03-22,14.27212332,15.31770012,14.18499192,15.00402708,130366567
2022-03-23,15.00402708,15.36126582,14.54223066,15.01274022,119340295
2022-03-24,14.74263288,15.0737322,14.69906718,14.87332998,50558623
2022-03-25,14.73391974,15.01274022,14.5509438,14.61193578,69102617
2022-03-28,14.55965694,15.0737322,14.38539414,14.76005916,94549955
2022-03-29,14.54223066,14.88204312,14.42895984,14.6380752,62039351
2022-03-30,14.7252066,15.683652,14.56837008,15.43968408,124715837
2022-03-31,15.4222578,15.84048852,15.1608636,15.4222578,100208898
2022-04-01,15.27413442,16.01475132,14.9430351,15.86662794,139203381
2022-04-06,15.9450462,16.45040832,15.70979142,15.9450462,131341856
2022-04-07,15.71850456,15.89276736,15.2915607,15.35255268,89658284
2022-04-08,15.26542128,16.04089074,15.0737322,15.86662794,99137412
2022-04-11,15.63137316,15.9450462,15.25670814,15.62266002,83538301
2022-04-12,15.69236514,15.8579148,14.70778032,14.9430351,99722530
2022-04-13,14.9430351,16.0321776,14.61193578,15.49196292,113907117
2022-04-14,15.44839722,16.79893392,15.30898698,16.49397402,145651051
2022-04-15,16.22386668,17.32172232,16.18901412,16.83378648,127974203
2022-04-18,16.45040832,16.82507334,15.84048852,16.02346446,103160551
2022-04-19,16.119309,16.21515354,15.5965206,16.01475132,99924221
2022-04-20,16.0321776,16.0321776,14.74263288,15.18700302,183960925
2022-04-21,15.0737322,15.57909432,14.90818254,15.25670814,96725458
2022-04-22,15.0301665,15.8579148,14.61193578,15.49196292,118177410
2022-04-25,15.23928186,15.8579148,14.7687723,14.80362486,116221690
2022-04-26,14.8559037,15.70979142,14.74263288,15.30898698,105910310
2022-04-27,15.19571616,15.61394688,14.2895496,14.62064892,148897182
2022-04-28,14.7687723,15.66622572,14.57708322,15.5093892,123607051
2022-04-29,15.3351264,16.10188272,14.9866008,15.78820968,150898117
2022-05-05,15.84048852,15.9886119,14.79491172,15.28284756,131606283
2022-05-06,14.83847742,15.12601104,14.09786052,14.28083646,111159480
2022-05-09,14.10657366,14.49866496,13.91488458,14.17627878,80208749
2022-05-10,13.90617144,14.54223066,13.42694874,14.3331153,158581816
2022-05-11,14.17627878,14.34182844,13.65349038,13.79290062,163302606
2022-05-12,13.8538926,13.9845897,13.27882536,13.5924984,123863208
2022-05-13,13.83646632,14.48123868,13.64477724,14.45509926,159042351
2022-05-16,14.95174824,15.09987162,14.09786052,14.76005916,158329561
2022-05-17,14.54223066,14.9866008,14.40282042,14.7687723,79985339
2022-05-18,14.69906718,14.91689568,14.2895496,14.61193578,78778495
2022-05-19,14.38539414,15.19571616,14.35054158,14.97788766,91725625
2022-05-20,15.247995,15.2915607,14.6380752,14.84719056,93127533
2022-05-23,14.812338,14.84719056,13.941024,14.01944226,158866762
2022-05-24,13.94973714,14.2895496,13.88874516,14.09786052,94995186
2022-05-25,14.09786052,14.25469704,13.80161376,14.13271308,55838908
2022-05-26,14.1152868,14.54223066,13.95845028,14.31568902,81757244
2022-05-27,14.25469704,14.36796786,14.01072912,14.21113134,66963241
2022-05-30,14.08914738,14.27212332,13.67091666,13.81904004,89455268
2022-05-31,13.74062178,13.87131888,13.4182356,13.51408014,151488636
2022-06-01,13.51408014,13.8538926,13.505367,13.7231955,83786344
2022-06-02,13.5924984,13.7231955,13.1568414,13.3311042,121057390
2022-06-06,13.16555454,13.21783338,12.634053,13.00871802,217377133
2022-06-07,12.91287348,13.38338304,12.87802092,13.31367792,113209307
2022-06-08,13.2875385,13.33981734,13.00871802,13.13941512,129157632
2022-06-09,13.1132757,13.79290062,13.07842314,13.57507212,157765040
2022-06-10,13.505367,13.71448236,13.38338304,13.53150642,92501318
2022-06-13,13.3746699,13.48794072,12.83445522,12.92158662,119307644
2022-06-14,12.8518815,13.25268594,12.84316836,13.19169396,93407709
2022-06-15,13.18298082,14.21113134,13.01743116,13.82775318,186892973
2022-06-16,13.83646632,14.32440216,13.48794072,13.58378526,100086938
2022-06-17,13.53150642,13.74062178,13.43566188,13.57507212,75075208
2022-06-20,13.73190864,14.27212332,13.6360641,13.99330284,147984736
2022-06-21,14.04558168,14.76005916,13.941024,14.17627878,149826442
2022-06-22,14.18499192,14.43767298,13.90617144,13.97587656,72054212
2022-06-23,13.9845897,14.51609124,13.88874516,14.43767298,82941569
2022-06-24,14.376681,14.5945095,13.95845028,14.14142622,97251158
2022-06-27,14.1588525,14.71649346,14.0281554,14.45509926,114602008
2022-06-28,14.34182844,14.47252554,13.9845897,14.08043424,101896852
2022-06-29,14.08914738,15.38740524,14.01944226,15.0737322,188964944
2022-06-30,15.247995,15.49196292,14.812338,15.21314244,115083921
2022-07-01,15.22185558,15.75335712,15.09987162,15.26542128,119170068
2022-07-04,15.19571616,15.4222578,14.91689568,15.17828988,101925795
2022-07-05,15.04759278,15.16957674,14.4638124,14.82105114,163822120
2022-07-06,14.83008012,14.8842045,14.433168,14.6135826,73271444
2022-07-07,14.82105939,14.86616304,14.40610581,14.51435457,67123731
2022-07-08,14.5233753,14.81203866,14.35198143,14.63162406,67820648
2022-07-11,14.45120946,14.74889355,14.18058756,14.33393997,71485543
2022-07-12,14.35198143,14.81203866,14.33393997,14.62260333,74262085
2022-07-13,14.78497647,15.47055195,14.7037899,14.9744118,104677518
2022-07-14,14.85714231,15.38034465,14.73085209,14.99245326,119129710
2022-07-15,15.1548264,15.19090932,13.96409004,14.23471194,155117824
2022-07-18,14.24373267,14.92930815,14.14450464,14.87518377,111311842
2022-07-19,14.75791428,14.95637034,14.38806435,14.8842045,82693643
2022-07-20,14.84812158,15.01951545,14.62260333,14.74889355,48970419
2022-07-21,14.72183136,14.72183136,14.1625461,14.23471194,96478690
2022-07-22,14.27981559,14.46925092,14.01821442,14.09940099,59828100
2022-07-25,14.2527534,14.64966552,14.17156683,14.5233753,81977781
2022-07-26,14.45120946,15.44348976,14.433168,15.36230319,124677787
2022-07-27,15.2450337,15.67802874,14.9744118,15.53369706,95065522
2022-07-28,15.40740684,15.75019458,15.13678494,15.31719954,70871730
2022-07-29,15.20895078,15.40740684,14.87518377,15.03755691,73736359
2022-08-01,15.02853618,15.03755691,14.39708508,14.65868625,127824955
2022-08-02,14.50533384,14.62260333,14.2527534,14.46925092,96233391
2022-08-03,14.46023019,14.60456187,13.74759252,13.88290347,106262195
2022-08-04,13.85584128,14.01821442,13.55815719,13.82877909,70999264
2022-08-05,13.82877909,13.91898639,13.61228157,13.85584128,61210031
2022-08-08,13.85584128,14.20764975,13.55815719,13.63032303,82752806
2022-08-09,13.58521938,13.87388274,13.39578405,13.64836449,51360206
2022-08-10,13.6213023,13.73857179,13.37774259,13.45892916,55725804
2022-08-11,13.52207427,13.84682055,13.49501208,13.78367544,62848743
2022-08-12,13.7115096,14.10842172,13.67542668,14.02723515,62887057
2022-08-15,13.91898639,14.53239603,13.91898639,14.10842172,81158243
2022-08-16,14.22569121,14.53239603,14.10842172,14.18960829,51557132
2022-08-17,14.18960829,15.02853618,14.08135953,14.75791428,105522866
2022-08-18,14.76693501,15.01049472,14.47827165,14.62260333,48033412
2022-08-19,14.63162406,15.28111662,14.60456187,15.16384713,94345158
2022-08-22,15.12776421,15.29915808,14.92930815,15.0646191,59256007
2022-08-23,15.0646191,15.18188859,14.71281063,14.84812158,63278069
2022-08-24,14.85714231,15.19090932,14.73085209,14.81203866,59016270
2022-08-25,14.9744118,15.28111662,14.89322523,15.23601297,72281102
2022-08-26,15.19993005,15.23601297,14.83910085,15.04657764,44132343
2022-08-29,14.86616304,15.13678494,14.62260333,14.98343253,42669509
2022-08-30,15.01951545,15.43446903,14.9744118,15.29013735,53528444
2022-08-31,15.29013735,15.70509093,15.19993005,15.6058629,81799948
2022-09-01,15.56977998,15.93962991,15.43446903,15.61488363,65175770
2022-09-02,15.65096655,15.70509093,15.10972275,15.35328246,64745410
2022-09-05,15.4254483,15.63292509,15.19993005,15.53369706,61591579
2022-09-06,15.52467633,16.08396159,15.43446903,15.90354699,94606439
2022-09-07,15.83138115,15.99375429,15.6058629,15.83138115,48841741
2022-09-08,15.85844334,15.97571283,15.4254483,15.85844334,54482642
2022-09-09,15.77725677,16.74247488,15.71411166,16.66128831,135894728
2022-09-13,16.52597736,16.64324685,16.21025181,16.31850057,74176065
2022-09-14,16.237314,16.85072364,16.17416889,16.36360422,69783211
2022-09-15,16.5079359,17.18449065,16.5079359,17.00407605,102620933
2022-09-16,16.9589724,17.10330408,16.21025181,16.28241765,130683407
2022-09-19,16.21927254,16.70639196,16.11102378,16.63422612,84459012
2022-09-20,16.67932977,16.71541269,15.71411166,15.91256772,111987445
2022-09-21,15.91256772,16.30045911,15.72313239,16.08396159,63082863
2022-09-22,16.10200305,16.1471067,15.43446903,15.80431896,82828679
2022-09-23,15.73215312,16.26437619,15.73215312,15.83138115,55743649
2022-09-26,16.0568994,16.35458349,15.90354699,15.95767137,64511812
2022-09-27,15.98473356,16.09298232,15.48859341,15.93962991,61943813
2022-09-28,15.85844334,16.11102378,15.61488363,15.80431896,46144373
2022-09-29,15.81333969,15.91256772,15.48859341,15.58782144,57323504
2022-09-30,15.93060918,16.48087371,15.6960702,16.237314,95922773
2022-10-10,16.0568994,17.139387,16.02081648,16.52597736,111218669
2022-10-11,16.52597736,16.58912247,16.03885794,16.13808597,58419050
2022-10-12,16.04787867,16.62520539,16.01179575,16.35458349,58654457
2022-10-13,16.237314,16.34556276,15.34426173,15.94865064,96483595
2022-10-14,15.94865064,16.34556276,15.38936538,15.56075925,107860698
2022-10-17,15.35328246,15.56977998,14.74889355,15.41642757,87959171
2022-10-18,15.41642757,15.55173852,14.9744118,15.14580567,65715455
2022-10-19,15.12776421,15.46153122,15.0646191,15.21797151,55477775
2022-10-20,15.20895078,15.34426173,14.81203866,14.9744118,63761203
2022-10-21,15.0646191,15.66900801,15.03755691,15.12776421,79140560
2022-10-24,14.89322523,14.98343253,14.55043749,14.64966552,92217743
2022-10-25,14.67672771,14.82105939,14.433168,14.56847895,71084776
2022-10-26,14.5233753,14.6135826,13.8919242,13.97311077,112106569
2022-10-27,14.00017296,14.35198143,13.97311077,14.1625461,68581357
2022-10-28,14.1625461,14.32491924,13.75661325,13.82877909,63443926
2022-10-31,13.39578405,13.48599135,12.4486074,12.4486074,178893845
2022-11-01,12.32231718,12.51175251,11.61870024,12.27721353,253097055
2022-11-02,12.07875747,12.74629149,11.9073636,12.60195981,151775672
2022-11-03,12.38546229,12.70118784,12.15994404,12.32231718,94977072
2022-11-04,12.28623426,12.92670609,12.2681928,12.68314638,105120186
2022-11-07,12.65608419,12.77335368,12.42154521,12.66510492,80104810
2022-11-08,12.66510492,12.93572682,12.49371105,12.629022,91300757
2022-11-09,12.83649879,13.42284624,12.83649879,12.94474755,137000898
2022-11-10,12.88160244,13.10712069,12.54783543,12.98083047,65859165
2022-11-11,13.26949383,14.27981559,13.25145237,14.27981559,187957281
2022-11-14,14.99245326,15.335241,14.30687778,14.69476917,222712123
2022-11-15,14.55945822,14.98343253,14.30687778,14.5233753,135178671
2022-11-16,14.44218873,14.48729238,13.8919242,14.11744245,105183404
2022-11-17,14.05429734,14.27079486,13.88290347,14.1625461,65819514
2022-11-18,14.13548391,14.18960829,13.8017169,14.04527661,76556200
2022-11-21,13.84682055,14.12646318,13.44990843,14.10842172,97689638
2022-11-22,14.17156683,14.45120946,13.99115223,14.18058756,76355977
2022-11-23,14.06331807,14.40610581,14.05429734,14.27079486,50129013
2022-11-24,14.54141676,14.71281063,14.05429734,14.37002289,77013411
2022-11-25,14.40610581,15.32622027,14.40610581,15.19090932,153603163
2022-11-28,14.7939972,15.01049472,14.65868625,14.73085209,75194996
2022-11-29,15.29013735,16.20123108,15.08266056,16.1471067,201163768
2022-11-30,15.77725677,16.11102378,14.90224596,15.01951545,204498463
2022-12-01,15.10972275,15.20895078,14.80301793,14.94734961,123655918
2022-12-02,14.7939972,14.7939972,14.20764975,14.56847895,146643999
2022-12-05,14.57749968,14.9744118,14.57749968,14.7037899,124572882
2022-12-06,14.56847895,14.6135826,14.27079486,14.51435457,93138070
2022-12-07,14.42414727,14.48729238,13.93702785,14.1625461,102778267
2022-12-08,14.1625461,14.51435457,14.11744245,14.38806435,91757660
2022-12-09,14.51435457,14.99245326,14.45120946,14.83910085,123904153
2022-12-12,14.66770698,14.66770698,14.1625461,14.20764975,75755438
2022-12-13,14.18058756,14.55043749,14.10842172,14.39708508,64274707
2022-12-14,14.37904362,14.37904362,14.14450464,14.22569121,52922235
2022-12-15,14.0723388,14.27079486,13.6213023,14.18058756,103822286
2022-12-16,14.30687778,14.62260333,14.11744245,14.45120946,86215703
2022-12-19,14.39708508,14.7037899,14.0723388,14.22569121,78765362
2022-12-20,14.00017296,14.13548391,13.78367544,13.88290347,50168653
2022-12-21,13.85584128,14.00919369,13.77465471,13.87388274,36860094
2022-12-22,14.00017296,14.11744245,13.84682055,13.94604858,34293420
2022-12-23,13.84682055,14.23471194,13.81073763,14.12646318,45452930
2022-12-26,14.12646318,14.2527534,13.58521938,13.64836449,74652176
2022-12-27,13.69346814,14.00919369,13.61228157,13.76563398,50159406
2022-12-28,13.7115096,14.00919369,13.60326084,13.86486201,50644352
2022-12-29,13.78367544,13.81073763,13.39578405,13.54011573,62666763
2022-12-30,13.52207427,13.7115096,13.33263894,13.64836449,61480590
2023-01-03,13.84682055,14.41512654,13.73857179,13.90996566,147963618
2023-01-04,13.90996566,14.65868625,13.84682055,14.45120946,133505716
2023-01-05,14.46925092,14.87518377,14.35198143,14.75791428,94350450
2023-01-06,14.74889355,15.00147399,14.49631311,14.55043749,91212459
2023-01-09,14.57749968,14.67672771,14.17156683,14.28883632,76247511
2023-01-10,14.32491924,14.40610581,14.11744245,14.3429607,51323235
2023-01-11,14.36100216,14.99245326,14.29785705,14.69476917,91614713
2023-01-12,14.69476917,14.77595574,14.28883632,14.3429607,48816524
2023-01-13,14.26177413,14.40610581,14.14450464,14.27981559,64292119
2023-01-16,14.27981559,14.45120946,14.09038026,14.39708508,69908401
2023-01-17,14.42414727,14.55945822,14.18960829,14.47827165,54977549
2023-01-18,14.47827165,14.56847895,14.14450464,14.19862902,62720190
2023-01-19,14.08135953,14.1625461,13.84682055,14.1625461,67401909
2023-01-20,14.10842172,14.31589851,14.03625588,14.2527534,56208263
2023-01-30,14.37002289,14.42414727,13.8919242,14.00017296,98867272
2023-01-31,13.93702785,14.21667048,13.87388274,14.18960829,59475252
2023-02-01,14.1625461,14.26177413,13.82877909,14.06331807,85834729
2023-02-02,14.04527661,14.14450464,13.85584128,14.11744245,80259898
2023-02-03,14.02723515,14.03625588,13.7115096,13.82877909,77895915
2023-02-06,13.65738522,13.74759252,13.51305354,13.54913646,73288637
2023-02-07,13.54913646,13.91898639,13.531095,13.78367544,62102282
2023-02-08,13.77465471,14.11744245,13.72955106,14.01821442,85331953
2023-02-09,14.01821442,14.29785705,13.94604858,14.14450464,55839328
2023-02-10,14.1625461,14.38806435,14.05429734,14.23471194,47252902
2023-02-13,14.2527534,14.30687778,13.97311077,14.04527661,65895088
2023-02-14,14.06331807,14.21667048,13.87388274,14.0723388,52963185
2023-02-15,14.00017296,14.00919369,13.54913646,13.63934376,105880608
2023-02-16,13.6213023,13.92800712,13.45892916,13.57619865,87776045
2023-02-17,13.56717792,13.66640595,13.48599135,13.531095,42467914
2023-02-20,13.49501208,13.8017169,13.46794989,13.76563398,68215209
2023-02-21,13.8919242,13.9821315,13.68444741,13.84682055,62819201
2023-02-22,13.72053033,13.79269617,13.63032303,13.70248887,34101236
2023-02-23,13.7115096,13.85584128,13.67542668,13.73857179,37866644
2023-02-24,13.7115096,13.73857179,13.35970113,13.45892916,93680773
2023-02-27,13.43186697,13.64836449,13.43186697,13.54913646,50802372
2023-02-28,13.531095,13.6213023,13.27851456,13.61228157,81069385
2023-03-01,13.60326084,13.67542668,13.51305354,13.64836449,66865490
2023-03-02,13.61228157,13.74759252,13.42284624,13.45892916,92755739
2023-03-03,13.47697062,13.6213023,13.31459748,13.58521938,83108485
2023-03-06,13.54913646,13.58521938,13.1702658,13.31459748,104892076
2023-03-07,13.28753529,13.32361821,13.08907923,13.11614142,67546927
2023-03-08,13.0800585,13.20634872,12.97180974,13.1702658,43424426
2023-03-09,13.16124507,13.21536945,13.02593412,13.02593412,38832475
2023-03-10,12.94474755,12.98083047,12.80041587,12.89062317,41463236
2023-03-13,12.84551952,12.94474755,12.629022,12.73727076,55928619
2023-03-14,12.70118784,12.95376828,12.58391835,12.76433295,50910951
2023-03-15,12.80041587,13.03495485,12.78237441,12.93572682,38005455
2023-03-16,12.87258171,13.0800585,12.78237441,12.91768536,39312408
2023-03-17,12.9898512,13.19732799,12.94474755,12.99887193,57599274
2023-03-20,13.06201704,13.21536945,12.87258171,12.92670609,43767769
2023-03-21,12.91768536,13.00789266,12.73727076,12.78237441,44418999
2023-03-22,12.79139514,13.13418288,12.75531222,13.07103777,55601164
2023-03-23,13.02593412,13.10712069,12.85454025,13.01691339,46067706
2023-03-24,12.9898512,13.01691339,12.76433295,12.93572682,57908911
2023-03-27,12.8996439,12.93572682,12.7192293,12.76433295,39965274
2023-03-28,12.80041587,12.87258171,12.55685616,12.60195981,48218119
2023-03-29,12.629022,12.94474755,12.629022,12.73727076,70289691
2023-03-30,12.74629149,13.00789266,12.629022,12.99887193,55771059
2023-03-31,12.9898512,13.0800585,12.66510492,12.74629149,61811187
2023-04-03,12.79139514,13.28753529,12.69216711,13.18830726,120663767
2023-04-04,13.1702658,13.26949383,13.07103777,13.21536945,49960223
2023-04-06,13.19732799,13.28753529,13.0800585,13.17928653,40656101
2023-04-07,13.22439018,13.75661325,13.22439018,13.63032303,111195971
2023-04-10,13.59424011,13.8017169,13.39578405,13.66640595,62409758
2023-04-11,13.67542668,13.78367544,13.46794989,13.76563398,80803902
2023-04-12,13.8017169,13.83779982,13.55815719,13.70248887,48055562
2023-04-13,13.66640595,13.77465471,13.50403281,13.68444741,44491338
2023-04-14,13.68444741,13.76563398,13.56717792,13.59424011,37762018
2023-04-17,13.40480478,13.40480478,13.09809996,13.40480478,84491112
2023-04-18,13.38676332,13.52207427,13.21536945,13.27851456,59287336
2023-04-19,13.29655602,13.30557675,12.92670609,12.97180974,61222806
2023-04-20,12.99887193,13.03495485,12.7192293,12.87258171,54204920
2023-04-21,12.93572682,13.16124507,12.90866463,12.96278901,70208080
2023-04-24,12.8996439,12.96278901,12.67412565,12.7192293,59336727
2023-04-25,12.76433295,12.79139514,12.47566959,12.66510492,42115091
2023-04-26,12.52077324,12.58391835,12.36742083,12.52979397,47416438
2023-04-27,12.48469032,12.57489762,12.37644156,12.52077324,50016744
2023-04-28,12.50273178,12.54783543,12.32231718,12.54783543,55250566
2023-05-04,12.3584001,12.4486074,12.06973674,12.36742083,87964834
2023-05-05,12.33133791,12.97180974,12.30427572,12.86356098,99108512
2023-05-08,12.7192293,13.19732799,12.50273178,13.10712069,107348276
2023-05-09,13.00789266,13.7115096,12.96278901,13.31459748,133742990
2023-05-10,13.34165967,13.39578405,12.98083047,13.06201704,66462137
2023-05-11,13.06201704,13.07103777,12.81845733,12.8996439,41679915
2023-05-12,12.90866463,12.99887193,12.74629149,12.76433295,36803180
2023-05-15,12.77335368,12.83649879,12.56587689,12.70118784,52401006
2023-05-16,12.70118784,12.76433295,12.5388147,12.59293908,37434867
2023-05-17,12.58391835,12.65608419,12.37644156,12.50273178,46838538
2023-05-18,12.50273178,12.58391835,12.37644156,12.43958667,33304588
2023-05-19,12.36742083,12.40350375,12.09679893,12.22308915,60203407
2023-05-22,12.13288185,12.25015134,12.0877782,12.20504769,43075210
2023-05-23,12.1779855,12.25015134,12.06973674,12.06973674,45849216
2023-05-24,12.04267455,12.05169528,11.61870024,11.61870024,72792905
2023-05-25,11.5465344,11.726949,11.4563271,11.57359659,49127768
2023-05-26,11.55555513,11.83519776,11.43828564,11.8171563,47534008
2023-05-29,11.74499046,11.8171563,11.6367417,11.67282462,38219085
2023-05-30,11.65478316,11.71792827,11.08647717,11.68184535,100431403
2023-05-31,11.6367417,11.87128068,11.48338929,11.49241002,63669608
2023-06-01,11.4563271,11.60967951,11.25787104,11.55555513,50692228
2023-06-02,11.60967951,12.3584001,11.58261732,12.25015134,118117405
2023-06-05,12.0877782,12.2681928,11.93442579,12.19602696,71355402
2023-06-06,12.21406842,12.51175251,12.15994404,12.20504769,67858933
2023-06-07,12.29525499,12.56587689,12.25015134,12.32231718,66828274
2023-06-08,12.29525499,12.75531222,12.1779855,12.63804273,90653246
2023-06-09,12.63804204,12.72192285,12.42367997,12.47960051,69326727
2023-06-12,12.56348132,12.70328267,12.46096033,12.52620096,53407999
2023-06-13,12.5821215,12.94560501,12.49824069,12.64736213,67156990
2023-06-14,12.72192285,12.77784339,12.47960051,12.49824069,60599712
2023-06-15,12.4889206,12.66600231,12.47028042,12.57280141,49481041
2023-06-16,12.5821215,12.74988312,12.51688087,12.62872195,58442413
2023-06-19,12.65668222,12.6753224,12.3957197,12.51688087,61914903
2023-06-20,12.52620096,12.56348132,12.17203754,12.25591835,71800461
2023-06-21,12.19067772,12.42367997,12.18135763,12.22795808,41458894
2023-06-26,12.116117,12.21863799,11.95767547,12.13475718,51717807
2023-06-27,12.14407727,12.62872195,11.96699556,12.51688087,72390380
2023-06-28,12.54484114,12.5821215,12.32115898,12.4889206,36472622
2023-06-29,12.47960051,12.53552105,12.2093179,12.29319871,31905172
2023-06-30,12.28387862,12.45164024,12.12543709,12.14407727,46454646
2023-07-03,12.116117,12.26523844,12.05087637,12.22795808,45745818
2023-07-04,12.18135763,12.19067772,11.71535313,11.85515448,107490368
2023-07-05,11.81787412,11.87379466,11.68739286,11.78059376,66936981
2023-07-06,11.77127367,12.05087637,11.69671295,11.96699556,58425169
2023-07-07,12.10679691,12.17203754,11.79923394,11.9297152,52459602
2023-07-10,11.94835538,12.04155628,11.79923394,11.8365143,37466400
2023-07-11,11.97631565,12.06951655,11.80855403,11.87379466,41251224
2023-07-12,11.79923394,11.82719421,11.50099106,11.59419196,85400926
2023-07-13,11.61283214,11.7433134,11.58487187,11.71535313,46314158
2023-07-14,11.68739286,11.85515448,11.58487187,11.7433134,48877319
2023-07-17,11.71535313,11.72467322,11.5569116,11.61283214,27967777
2023-07-18,11.58487187,11.78991385,11.51963124,11.72467322,46441681
2023-07-19,11.66875268,11.96699556,11.65943259,11.88311475,55315243
2023-07-20,11.88311475,12.06019646,11.79923394,11.89243484,58596110
2023-07-21,11.86447457,12.07883664,11.84583439,12.00427592,60041980
2023-07-24,12.03223619,12.07883664,11.63147232,11.75263349,55235954
2023-07-25,12.16271745,12.79648357,12.16271745,12.77784339,211799737
2023-07-26,12.75920321,12.88968447,12.62872195,12.80580366,93175310
2023-07-27,12.73124294,12.9549251,12.51688087,12.77784339,79362576
2023-07-28,12.97356528,13.53277068,12.81512375,13.41160951,155523851
2023-07-31,13.46753005,13.76577293,13.20656753,13.26248807,146364726
2023-08-01,13.15996708,13.56073095,13.08540636,13.24384789,105124978
2023-08-02,13.22520771,13.48617023,13.16928717,13.21588762,66935234
2023-08-03,13.1413269,13.49549032,13.02948582,13.45820996,89968724
2023-08-04,13.69121221,13.75645284,13.30908852,13.4209296,112856617
2023-08-07,13.26248807,13.28112825,12.88036438,12.97356528,86388168
2023-08-08,12.90832465,13.10404654,12.80580366,12.82444384,59206730
2023-08-09,12.82444384,13.1413269,12.73124294,13.048126,58980843
2023-08-10,13.01084564,13.30908852,12.98288537,13.16928717,48486526
2023-08-11,13.24384789,13.31840861,12.88036438,13.01084564,57751907
2023-08-14,12.7685233,13.18792735,12.5821215,13.05744609,72494323
2023-08-15,12.97356528,13.2345278,12.8617242,13.02948582,43363625
2023-08-16,13.05744609,13.5141305,12.94560501,13.28112825,102740457
2023-08-17,13.15064699,13.38364924,13.10404654,13.28112825,55051048
2023-08-18,13.40228942,13.56073095,13.19724744,13.19724744,72070706
2023-08-21,13.15996708,13.22520771,12.87104429,12.9549251,59475036
2023-08-22,12.96424519,13.07608627,12.83376393,12.94560501,45061426
2023-08-23,12.92696483,13.05744609,12.7685233,12.7685233,44647672
2023-08-24,12.79648357,12.93628492,12.51688087,12.64736213,46121344
2023-08-25,12.70328267,13.36500906,12.64736213,13.02948582,85067263
2023-08-28,13.86829392,13.87761401,13.26248807,13.38364924,162257831
2023-08-29,13.39296933,13.61665149,13.20656753,13.5141305,115741384
2023-08-30,13.56073095,13.76577293,13.47685014,13.74713275,110823204
2023-08-31,13.66325194,13.73781266,12.9549251,13.02948582,98623790
2023-09-01,13.24384789,13.33704879,13.00152555,13.28112825,104343111
2023-09-04,13.43024969,13.62597158,13.15996708,13.17860726,110229362
2023-09-05,13.17860726,13.17860726,12.78716348,12.87104429,82866504
2023-09-06,12.83376393,13.16928717,12.6753224,13.13200681,103002353
2023-09-07,13.03880591,13.28112825,12.91764474,13.08540636,50648540
2023-09-08,13.02016573,13.12268672,12.88036438,13.02016573,30181494
2023-09-11,13.01084564,13.05744609,12.64736213,12.80580366,72548133
2023-09-12,12.74988312,12.78716348,12.62872195,12.6753224,51395625
2023-09-13,12.66600231,12.83376393,12.61940186,12.68464249,49025245
2023-09-14,12.65668222,12.70328267,12.51688087,12.62872195,47815137
2023-09-15,12.68464249,12.71260276,12.3957197,12.45164024,64346327
2023-09-18,12.3957197,12.40503979,12.14407727,12.23727817,80881510
2023-09-19,12.29319871,12.3025188,12.14407727,12.19999781,46331788
2023-09-20,12.18135763,12.43300006,12.12543709,12.3025188,40408052
2023-09-21,12.45164024,12.62872195,12.33047907,12.35843934,51310343
2023-09-22,12.3025188,12.47960051,12.26523844,12.44232015,44356824
2023-09-25,12.37707952,12.3957197,11.98563574,12.0229161,93165204
2023-09-26,12.0229161,12.09747682,11.91107502,11.96699556,37125796
2023-09-27,11.93903529,11.98563574,11.84583439,11.91107502,45378661
2023-09-28,11.93903529,12.0229161,11.82719421,11.87379466,34515985
2023-10-09,11.78991385,11.80855403,11.61283214,11.71535313,55882838
2023-10-10,11.72467322,11.78991385,11.61283214,11.64079241,43852848
2023-10-11,11.65943259,11.69671295,11.47303079,11.57555178,56603133
2023-10-12,11.60351205,11.71535313,11.52895133,11.70603304,41324224
2023-10-13,11.60351205,11.72467322,11.53827142,11.60351205,33329340
2023-10-16,11.58487187,11.65943259,11.22138836,11.2773089,64568777
2023-10-17,11.2773089,11.3705098,11.03498656,11.20274818,58952211
2023-10-18,11.15614773,11.22138836,11.06294683,11.16546782,42657227
2023-10-19,11.10954728,11.15614773,10.8113044,10.83926467,53254012
2023-10-20,10.83926467,10.91382539,10.6249026,10.74606377,77825466
2023-10-23,10.67150305,10.8113044,10.51306152,10.63422269,56083231
2023-10-24,10.65286287,10.80198431,10.58762224,10.67150305,51151621
2023-10-25,10.77402404,10.85790485,10.59694233,10.61558251,66079061
2023-10-26,10.54102179,10.57830215,10.36394008,10.47578116,45056340
2023-10-27,10.4385008,10.55034188,10.21481864,10.46646107,70982640
2023-10-30,10.29869945,10.32665972,9.9724963,10.1588981,151798638
2023-10-31,10.11229765,10.29869945,10.08433738,10.27073918,81833348
2023-11-01,10.252099,10.37326017,10.1588981,10.19617846,66712991
2023-11-02,10.19617846,10.28937936,10.13093783,10.14957801,54641863
2023-11-03,10.16821819,10.19617846,10.03773693,10.0656972,57176101
2023-11-06,10.09365747,10.44782089,10.07501729,10.36394008,97800646
2023-11-07,10.40122044,10.47578116,10.28937936,10.35461999,72399475
2023-11-08,10.28937936,10.55034188,10.27073918,10.40122044,74289691
2023-11-09,10.41054053,10.56898206,10.35461999,10.4385008,53423399
2023-11-10,10.39190035,10.40122044,10.21481864,10.3452999,46779376
2023-11-13,10.3452999,10.40122044,10.17753828,10.28005927,43655516
2023-11-14,10.28005927,10.41054053,10.27073918,10.35461999,43640427
2023-11-15,10.42918071,10.45714098,10.26141909,10.28005927,59752883
2023-11-16,10.252099,10.252099,10.02841684,10.19617846,58798388
2023-11-17,10.1588981,10.20549855,10.04705702,10.10297756,49673801
2023-11-20,10.12161774,10.20549855,10.00977666,10.04705702,59794084
2023-11-21,10.11229765,10.39190035,10.10297756,10.22413873,105301806
2023-11-22,10.1588981,10.30801954,10.11229765,10.11229765,52488973
2023-11-23,10.14025792,10.48510125,10.00045657,10.4385008,103809938
2023-11-24,10.47578116,10.61558251,10.38258026,10.42918071,66810022
2023-11-27,10.36394008,10.37326017,10.0656972,10.16821819,67696898
2023-11-28,10.16821819,10.16821819,9.99113648,10.03773693,55312293
2023-11-29,10.01909675,10.04705702,9.61833288,9.64629315,89660363
2023-11-30,9.61833288,9.74881414,9.55309225,9.56241234,58276290
2023-12-01,9.56241234,9.60901279,9.46921144,9.55309225,56758266
2023-12-04,9.53445207,9.54377216,9.20824892,9.28280964,100457725
2023-12-05,9.23620919,9.29212973,8.98456676,9.00320694,76203761
2023-12-06,8.98456676,9.23620919,8.88204577,9.18028865,77451654
2023-12-07,9.14300829,9.24552928,9.06844757,9.18960874,51491903
2023-12-08,9.17096856,9.18028865,9.02184712,9.10572793,72154581
2023-12-11,9.0404873,9.0404873,8.74224442,8.95660649,85070853
2023-12-12,9.4132909,9.7860945,9.23620919,9.63697306,237733891
2023-12-13,9.39465072,9.53445207,9.30144982,9.43193108,163072847
2023-12-14,9.45057126,9.59037261,9.24552928,9.25484937,108115281
2023-12-15,9.45057126,9.64629315,9.37601054,9.48785162,155517213
2023-12-18,9.37601054,9.89793558,9.33873018,9.55309225,151375466
2023-12-19,9.5064918,9.62765297,9.29212973,9.4132909,91170339
2023-12-20,9.36669045,9.38533063,9.17096856,9.18960874,89795980
2023-12-21,9.11504802,9.27348955,9.07776766,9.2268891,83691466
2023-12-22,9.20824892,9.20824892,9.00320694,9.18028865,83563699
2023-12-25,9.10572793,9.21756901,9.05912748,9.06844757,49929920
2023-12-26,9.04980739,9.07776766,8.8540855,8.89136586,69533808
2023-12-27,8.87272568,8.95660649,8.80748505,8.84476541,57060925
2023-12-28,8.81680514,9.31076991,8.71428415,9.27348955,113066107
2023-12-29,9.2268891,9.38533063,9.15232838,9.2268891,75486072
2024-01-02,9.18028865,9.20824892,8.77952478,8.78884487,117278568
2024-01-03,8.77020469,8.92864622,8.68632388,8.77020469,89972552
2024-01-04,8.74224442,8.7608846,8.43468145,8.52788235,105095748
2024-01-05,8.49992208,8.73292433,8.44400154,8.54652253,101885181
2024-01-08,8.54652253,8.61176316,8.42536136,8.44400154,67455132
2024-01-09,8.44400154,8.55584262,8.33216046,8.49992208,68893095
2024-01-10,8.44400154,8.54652253,8.388081,8.45332163,51969457
2024-01-11,8.40672118,8.53720244,8.30420019,8.49060199,71558960
2024-01-12,8.42536136,8.65836361,8.41604127,8.51856226,76036361
2024-01-15,8.46264172,8.53720244,8.30420019,8.40672118,84444184
2024-01-16,8.35080064,8.43468145,8.18303902,8.31352028,100238746
2024-01-17,8.24827965,8.28556001,8.08051803,8.08051803,86415702
2024-01-18,8.02459749,8.25759974,7.99663722,8.23895956,103959172
2024-01-19,8.18303902,8.32284037,8.14575866,8.26691983,74915499
2024-01-22,8.16439884,8.32284037,7.95003677,8.12711848,128307357
2024-01-23,8.08983812,8.2016792,7.98731713,8.15507875,96584697
2024-01-24,8.18303902,8.37876091,8.06187785,8.36944082,111058871
2024-01-25,8.40672118,9.01252703,8.39740109,8.9472864,199988601
2024-01-26,9.05912748,9.31076991,8.98456676,9.23620919,203976409
2024-01-29,9.48785162,9.55309225,9.24552928,9.31076991,181764073
2024-01-30,9.19892883,9.39465072,9.04980739,9.10572793,119850835
2024-01-31,8.99388685,9.12436811,8.74224442,8.89136586,141040055
2024-02-01,8.79816496,8.8540855,8.56516271,8.61176316,101926779
2024-02-02,8.61176316,8.98456676,8.43468145,8.73292433,113036837
2024-02-05,8.67700379,8.83544532,8.41604127,8.64904352,121548929
2024-02-06,8.50924217,8.91000604,8.43468145,8.79816496,117364710
2024-02-07,8.80748505,8.87272568,8.63040334,8.83544532,117328754
2024-02-08,8.91000604,9.30144982,8.87272568,9.29212973,119349623
2024-02-19,9.21756901,9.21756901,8.88204577,9.14300829,135705186
2024-02-20,9.27348955,9.59037261,9.08708775,9.18960874,123091380
2024-02-21,9.09640784,9.64629315,8.98456676,9.40397081,161754255
2024-02-22,9.31076991,9.37601054,9.23620919,9.31076991,87880116
2024-02-23,9.30144982,9.38533063,9.23620919,9.32009,75513625
2024-02-26,9.27348955,9.28280964,9.08708775,9.15232838,95531260
2024-02-27,9.05912748,9.19892883,9.05912748,9.19892883,81233180
2024-02-28,9.19892883,9.26416946,9.0404873,9.05912748,113688426
2024-02-29,8.9472864,9.15232838,8.9472864,9.10572793,94462457
2024-03-01,9.06844757,9.15232838,8.82612523,8.92864622,119933549
2024-03-04,8.84476541,8.86340559,8.51856226,8.60244307,148476532
2024-03-05,8.53720244,8.79816496,8.49992208,8.74224442,120313653
2024-03-06,8.67700379,8.70496406,8.51856226,8.5744828,85587236
2024-03-07,8.5744828,8.63040334,8.49992208,8.50924217,78459787
2024-03-08,8.49992208,8.52788235,8.36944082,8.42536136,73372824
2024-03-11,8.46264172,8.82612523,8.44400154,8.82612523,156967764
2024-03-12,8.77952478,9.36669045,8.74224442,9.28280964,196806525
2024-03-13,9.18960874,9.25484937,8.99388685,9.01252703,100685049
2024-03-14,8.97524667,9.25484937,8.9472864,9.10572793,97057249
2024-03-15,9.0404873,9.19892883,8.95660649,9.03116721,69642441
2024-03-18,8.99388685,9.03116721,8.78884487,8.8540855,102065393
2024-03-19,8.81680514,8.83544532,8.67700379,8.68632388,73823723
2024-03-20,8.65836361,8.77020469,8.61176316,8.67700379,65605947
2024-03-21,8.65836361,8.91000604,8.64904352,8.83544532,110357807
2024-03-22,8.77952478,8.80748505,8.56516271,8.73292433,89065179
2024-03-25,8.70496406,9.15232838,8.67700379,9.01252703,149773756
2024-03-26,8.99388685,9.11504802,8.89136586,9.04980739,94172750
2024-03-27,9.01252703,9.03116721,8.73292433,8.79816496,90819683
2024-03-28,8.77020469,8.83544532,8.67700379,8.71428415,88695335
2024-03-29,8.59312298,8.68632388,8.39740109,8.50924217,132412001
2024-04-01,8.47196181,8.69564397,8.40672118,8.47196181,160034341
2024-04-02,8.46264172,8.46264172,8.15507875,8.22031938,182232792
2024-04-03,8.14575866,8.25759974,8.11779839,8.17371893,88244292
2024-04-08,8.12711848,8.13643857,7.96867695,7.98731713,108869112
2024-04-09,8.0152774,8.04323767,7.86615596,7.91275641,100796363
2024-04-10,7.88479614,7.89411623,7.52131263,7.57723317,153914143
2024-04-11,7.46539209,7.63315371,7.34423092,7.61451353,114306441
2024-04-12,7.53995281,7.61451353,7.35355101,7.3628711,108050724
2024-04-15,7.33491083,7.53063272,7.27899029,7.39083137,99012354
2024-04-16,7.32559074,7.56791308,7.21374966,7.456072,118582880
2024-04-17,7.38151128,7.59587335,7.37219119,7.53063272,97690097
2024-04-18,7.48403227,7.69839434,7.40947155,7.62383362,107271999
2024-04-19,7.55859299,7.67975416,7.52131263,7.5492729,60457791
2024-04-22,7.52131263,7.65179389,7.456072,7.53995281,70118017
2024-04-23,7.57723317,7.60519344,7.46539209,7.49335236,65243496
2024-04-24,7.46539209,7.5492729,7.40947155,7.456072,68630843
2024-04-25,7.456072,7.57723317,7.38151128,7.456072,91547330
2024-04-26,7.44675191,8.08983812,7.40015146,8.05255776,248730684
2024-04-29,7.96867695,8.71428415,7.93139659,8.64904352,336604050
2024-04-30,8.55584262,8.56516271,8.2016792,8.30420019,226192124
2024-05-06,8.50924217,8.63972343,8.2016792,8.22963947,248827245
2024-05-07,8.16439884,8.70496406,8.13643857,8.63972343,255107517
2024-05-08,8.52788235,8.55584262,8.36944082,8.36944082,108856807
2024-05-09,8.49992208,8.79816496,8.41604127,8.58380289,166240409
2024-05-10,8.69564397,9.06844757,8.60244307,9.05912748,301184746
2024-05-13,8.87272568,9.03116721,8.81680514,8.89136586,148275480
2024-05-14,8.8540855,9.04980739,8.79816496,8.92864622,127201311
2024-05-15,8.89136586,9.59037261,8.88204577,9.19892883,275073251
2024-05-16,9.19892883,9.68357351,9.14300829,9.48785162,261188114
2024-05-17,9.59037261,10.4385008,9.30144982,10.4385008,427243517
2024-05-20,10.39190035,10.9045053,10.0656972,10.32665972,367057809
2024-05-21,10.23345882,10.59694233,10.14957801,10.42918071,173633661
2024-05-22,10.38258026,11.08158701,10.30801954,10.51306152,247197658
2024-05-23,10.28005927,10.38258026,10.00045657,10.16821819,217841695
2024-05-24,10.0656972,10.11229765,9.83269495,9.89793558,135430113
2024-05-27,9.90725567,9.96317621,9.52513198,9.85133513,155667975
2024-05-28,9.96317621,10.0656972,9.58105252,9.66493333,150052970
2024-05-29,9.71153378,9.8792954,9.65561324,9.73017396,91861758
2024-05-30,9.61833288,9.77677441,9.44125117,9.52513198,102270274
2024-05-31,9.55309225,9.73017396,9.47853153,9.52513198,104722262
2024-06-03,9.40397081,9.63697306,9.38533063,9.54377216,81721038
2024-06-04,9.55309225,9.89793558,9.46921144,9.84201504,154242525
2024-06-05,9.79541459,9.84201504,9.61833288,9.62765297,65891254
2024-06-06,9.61833288,9.70221369,9.48785162,9.59037261,62070086
2024-06-07,9.58105252,9.80473468,9.57173243,9.71153378,74112292
2024-06-11,9.61833288,9.92589585,9.48785162,9.53445207,113982333
2024-06-12,9.49717171,9.5996927,9.36669045,9.42261099,71183641
2024-06-13,9.51581189,9.53445207,9.1336882,9.18960874,107552726
2024-06-14,9.14300829,9.48785162,9.07776766,9.32009,83224294
2024-06-17,9.20824892,9.29212973,9.02184712,9.1336882,87343632
2024-06-18,9.11504802,9.20824892,8.97524667,8.99388685,69952038
2024-06-19,9.01252703,9.09640784,8.8540855,8.98456676,56966118
2024-06-20,8.97524667,8.99388685,8.70496406,8.75156451,72314189
2024-06-21,8.80748505,8.87272568,8.74224442,8.79816496,49416965
2024-06-24,8.74224442,8.7608846,8.58380289,8.63972343,73073835
2024-06-25,8.6676837,8.93796631,8.50924217,8.74224442,85511851
2024-06-26,8.6676837,8.67700379,8.49992208,8.61176316,70976545
2024-06-27,8.62108325,8.68632388,8.35080064,8.36012073,96669533
2024-06-28,8.33216046,8.44400154,8.1084783,8.16439884,133076302
2024-07-01,8.22031938,8.84476541,8.18303902,8.67700379,198704883
2024-07-02,8.6676837,8.82612523,8.36944082,8.41604127,124240541
2024-07-03,8.42536136,8.65836361,8.19235911,8.49992208,126050395
2024-07-04,8.46264172,8.50924217,8.22031938,8.24827965,93580847
2024-07-05,8.27623992,8.40672118,8.12711848,8.2016792,84808854
2024-07-08,8.17371893,8.18303902,7.90343632,7.96867695,106650850
2024-07-09,7.97799704,8.04323767,7.81023542,7.97799704,99854042
2024-07-10,7.87547605,8.06187785,7.70771443,7.94071668,74183402
2024-07-11,8.03391758,8.19235911,7.94071668,8.09915821,95413884
2024-07-12,8.34148055,8.63972343,8.24827965,8.40672118,176903894
2024-07-15,8.25759974,8.52788235,8.22031938,8.388081,94554230
2024-07-16,8.36944082,8.62108325,8.26691983,8.4812819,97281176
2024-07-17,8.49992208,8.84476541,8.46264172,8.71428415,136243883
2024-07-18,8.67700379,8.87272568,8.55584262,8.83544532,115643347
2024-07-19,8.73292433,8.77952478,8.46264172,8.56516271,121299834
2024-07-22,8.5744828,8.58380289,8.34148055,8.51856226,85710809
2024-07-23,8.53720244,8.61176316,8.37876091,8.39740109,71549390
2024-07-24,8.39740109,8.49060199,8.08983812,8.13643857,74584725
2024-07-25,8.13643857,8.388081,8.09915821,8.21099929,79538967
2024-07-26,8.22963947,8.49060199,8.2016792,8.31352028,80313172
2024-07-29,8.30420019,8.31352028,7.96867695,8.00595731,102817352
2024-07-30,8.0255286,8.23106043,7.97659245,8.15276259,92874949
2024-07-31,8.17233705,8.65191132,7.99616691,8.63233686,133453117
2024-08-01,8.59318794,8.67148578,8.25063489,8.27999658,125515963
2024-08-02,8.17233705,8.24084766,8.08425198,8.11361367,97749193
2024-08-05,7.99616691,8.39744334,7.97659245,8.08425198,130110300
2024-08-06,8.15276259,8.46595395,8.1234009,8.39744334,126006744
2024-08-07,8.34850719,8.36808165,8.19191151,8.28978381,65836443
2024-08-08,8.33871996,8.63233686,8.16254982,8.29957104,125731602
2024-08-09,8.24084766,8.67148578,8.23106043,8.36808165,179518000
2024-08-12,8.30935827,8.33871996,8.05489029,8.08425198,113705586
2024-08-13,8.07446475,8.09403921,7.96680522,8.05489029,61758939
2024-08-14,8.03531583,8.07446475,7.94723076,7.98637968,50998610
2024-08-15,7.94723076,8.14297536,7.90808184,8.03531583,109362816
2024-08-16,8.00595414,8.06467752,7.89829461,8.00595414,78135610
2024-08-19,7.96680522,8.13318813,7.90808184,8.00595414,81333000
2024-08-20,8.00595414,8.06467752,7.829784,7.86893292,79206663
2024-08-21,7.81020954,7.83957123,7.62425217,7.70255001,113839398
2024-08-22,7.71233724,7.88850738,7.68297555,7.79063508,123616189
2024-08-23,7.7319117,7.90808184,7.68297555,7.74169893,94657088
2024-08-26,7.74169893,8.00595414,7.64382663,7.84935846,117185902
2024-08-27,7.829784,7.83957123,7.60467771,7.6340394,86970603
2024-08-28,7.62425217,7.65361386,7.52637987,7.54595433,64101509
2024-08-29,7.5361671,7.61446494,7.46765649,7.54595433,60312484
2024-08-30,7.56552879,8.29957104,7.5361671,7.94723076,295664365
2024-09-02,7.83957123,7.86893292,7.66340109,7.68297555,129416403
2024-09-03,7.66340109,7.84935846,7.55574156,7.72212447,122521167
2024-09-04,7.65361386,7.81999677,7.51659264,7.5361671,139823949
2024-09-05,7.61446494,7.69276278,7.55574156,7.62425217,91529365
2024-09-06,7.57531602,7.59489048,7.51659264,7.52637987,70593544
2024-09-09,7.45786926,7.46765649,7.30127358,7.37957142,74544200
2024-09-10,7.35999696,7.39914588,7.1446779,7.29148635,94511171
2024-09-11,7.26212466,7.44808203,7.22297574,7.35020973,69862242
2024-09-12,7.3404225,7.48723095,7.31106081,7.33063527,50465503
2024-09-13,7.36978419,7.4382948,7.31106081,7.32084804,65166901
2024-09-18,7.35020973,7.57531602,7.21318851,7.46765649,122346305
2024-09-19,7.5361671,7.88850738,7.50680541,7.74169893,202320078
2024-09-20,7.54595433,7.89829461,7.52637987,7.87872015,184298619
2024-09-23,7.79063508,8.0255286,7.76127339,7.90808184,135316631
2024-09-24,8.07446475,8.18212428,7.7319117,7.99616691,279252468
2024-09-25,8.06467752,8.50510287,8.03531583,8.11361367,274756687
2024-09-26,8.03531583,8.92595376,8.03531583,8.92595376,349978064
2024-09-27,9.3957408,9.81659169,9.36637911,9.81659169,446630714
2024-09-30,10.79531469,10.79531469,10.03191075,10.79531469,635977736
2024-10-08,11.87190999,11.87190999,10.13957028,10.75616577,686120756
2024-10-09,10.3744638,10.3744638,9.67957047,9.67957047,395132044
2024-10-10,9.40552803,10.12978305,9.2978685,9.81659169,332952272
2024-10-11,9.74808108,10.1787192,9.55233648,10.03191075,282175686
2024-10-14,10.36467657,10.91276145,10.18850643,10.56042117,363826860
2024-10-15,10.36467657,10.9616976,10.24722981,10.69744239,290089419
2024-10-16,10.90297422,11.31403788,10.64850624,11.14765497,409158138
2024-10-17,11.10850605,11.10850605,10.0808469,10.10042136,380881709
2024-10-18,9.8851023,10.51148502,9.6893577,10.24722981,290448063
2024-10-21,10.24722981,10.57999563,10.01233629,10.53105948,233811713
2024-10-22,10.4723361,10.80510192,10.40382549,10.72680408,171052467
2024-10-23,10.67786793,10.88339976,10.61914455,10.70722962,147606018
2024-10-24,10.62893178,10.74637854,10.43318718,10.49191056,112316218
2024-10-25,10.4723361,10.73659131,10.44297441,10.48212333,115332666
2024-10-28,10.43318718,10.74637854,10.42339995,10.67786793,122909611
2024-10-29,10.53105948,10.85403807,10.38425103,10.39403826,124956084
2024-10-30,10.39403826,10.63871901,10.29616596,10.44297441,149861928
2024-10-31,10.3744638,10.91276145,10.29616596,10.5702084,182883554
2024-11-01,10.6680807,11.06935713,10.61914455,10.70722962,211500237
2024-11-04,10.79531469,10.81488915,10.45276164,10.64850624,141514511
2024-11-05,10.58978286,11.01063375,10.52127225,10.90297422,168047408
2024-11-06,10.88339976,11.32382511,10.5702084,11.09871882,256923810
2024-11-07,10.92254868,11.4510591,10.82467638,11.40212295,300394705
2024-11-08,11.53914417,11.56850586,10.8638253,10.94212314,260312637
2024-11-11,10.69744239,10.82467638,10.46254887,10.67786793,196476715
2024-11-12,10.62893178,10.83446361,10.52127225,10.58978286,130569187
2024-11-13,10.53105948,10.61914455,10.30595319,10.40382549,129420247
2024-11-14,10.59957009,10.60935732,10.15914474,10.15914474,156719226
2024-11-15,10.09063413,10.18850643,9.89488953,9.89488953,124318433
2024-11-18,9.9829746,10.25701704,9.90467676,9.96340014,158410414
2024-11-19,9.99276183,10.03191075,9.73829385,9.96340014,126835497
2024-11-20,9.89488953,9.99276183,9.80680446,9.93403845,85730371
2024-11-21,9.89488953,9.96340014,9.76765554,9.84595338,76674816
2024-11-22,9.83616615,9.8851023,9.50340033,9.52297479,110615055
2024-11-25,9.52297479,9.65020878,9.42510249,9.53276202,91711377
2024-11-26,9.51318756,9.77744277,9.46425141,9.64042155,96042645
2024-11-27,9.62084709,9.81659169,9.51318756,9.78723,121033522
2024-11-28,9.76765554,9.90467676,9.71871939,9.81659169,106864014
2024-11-29,9.81659169,10.20808089,9.78723,10.02212352,166431467
2024-12-02,9.93403845,10.11020859,9.82637892,10.02212352,132940371
2024-12-03,9.99276183,10.18850643,9.93403845,10.09063413,107875846
2024-12-04,10.04169798,10.10042136,9.85574061,9.89488953,80468570
2024-12-05,9.86552784,9.90467676,9.74808108,9.83616615,63666087
2024-12-06,9.82637892,10.02212352,9.77744277,9.93403845,83919300
2024-12-09,9.93403845,9.95361291,9.63063432,9.65999601,128951124
2024-12-10,10.22765535,10.22765535,9.81659169,9.81659169,219481173
2024-12-11,9.79701723,10.02212352,9.74808108,9.94382568,131202115
2024-12-12,9.94382568,10.04169798,9.81659169,9.99276183,101663590
2024-12-13,9.91446399,9.92425122,9.5914854,9.63063432,181411783
2024-12-16,9.64042155,9.6893577,9.25871958,9.2978685,147861024
2024-12-17,9.2978685,9.30765573,9.18042174,9.20978343,80713586
2024-12-18,9.25871958,9.33701742,9.17063451,9.1999962,75090262
2024-12-19,9.05318775,9.19020897,9.02382606,9.19020897,74350864
2024-12-20,9.15106005,9.20978343,9.02382606,9.14127282,98549043
2024-12-23,9.11191113,9.22935789,8.99446437,9.02382606,95041784
2024-12-24,9.0042516,9.08254944,8.97488991,9.04340052,92218778
2024-12-25,9.02382606,9.05318775,8.86723038,8.99446437,109407910
2024-12-26,8.97488991,9.0042516,8.84765592,8.88680484,104338724
2024-12-27,8.87701761,8.98467714,8.83786869,8.93574099,86901308
2024-12-30,8.88680484,8.95531545,8.75957085,8.79871977,124194080
2024-12-31,8.79871977,8.92595376,8.65191132,8.67148578,116544551
2025-01-02,8.65191132,8.78893254,8.42680503,8.49531564,127331073
2025-01-03,8.49531564,8.56382625,8.30935827,8.35829442,107856731
2025-01-06,8.34850719,8.35829442,8.19191151,8.35829442,101029297
2025-01-07,8.32893273,8.5148901,8.2212732,8.48552841,104231899
2025-01-08,8.42680503,8.48552841,8.30935827,8.4170178,84375984
2025-01-09,8.40723057,8.49531564,8.33871996,8.45616672,67124707
2025-01-10,8.43659226,8.57361348,8.27999658,8.28978381,73884718
2025-01-13,8.2212732,8.44637949,8.15276259,8.44637949,87119016
2025-01-14,8.4170178,8.59318794,8.4170178,8.58340071,97104212
2025-01-15,8.56382625,8.60297517,8.4170178,8.54425179,69014560
2025-01-16,8.55403902,8.65191132,8.36808165,8.47574118,97005356
2025-01-17,8.27020935,8.58340071,8.26042212,8.47574118,106514789
2025-01-20,8.45616672,8.54425179,8.25063489,8.4170178,124404388
2025-01-21,8.42680503,8.83786869,8.37786888,8.5148901,237014463
2025-01-22,8.38765611,8.39744334,8.1234009,8.1234009,171908113
2025-01-23,8.20169874,8.40723057,8.17233705,8.21148597,162010676
2025-01-24,8.21148597,8.29957104,8.14297536,8.24084766,101235950
2025-01-27,8.25063489,8.38765611,8.14297536,8.14297536,102810382
2025-02-05,8.17233705,8.20169874,7.99616691,8.05489029,94153067
2025-02-06,8.04510306,8.20169874,8.03531583,8.11361367,93014686
2025-02-07,8.09403921,8.35829442,8.05489029,8.27020935,153273377
2025-02-10,8.2212732,8.33871996,8.21148597,8.28978381,91745328
2025-02-11,8.3191455,8.33871996,8.09403921,8.11361367,109561782
2025-02-12,8.13318813,8.44637949,7.99616691,8.40723057,183500830
2025-02-13,8.29957104,8.53446456,8.25063489,8.40723057,225634441
2025-02-14,8.36808165,8.4170178,8.23106043,8.33871996,117362254
2025-02-17,8.33871996,8.4170178,8.27999658,8.29957104,130835785
2025-02-18,8.29957104,8.29957104,8.09403921,8.14297536,104591945
2025-02-19,8.1234009,8.21148597,8.07446475,8.15276259,96786971
2025-02-20,8.11361367,8.14297536,8.01574137,8.0255286,102229921
2025-02-21,8.0255286,8.09403921,7.98637968,8.0255286,114791025
2025-02-24,8.0255286,8.25063489,7.98637968,8.17233705,168454035
2025-02-25,8.11361367,8.25063489,8.07446475,8.16254982,133669461
2025-02-26,8.25063489,8.53446456,8.24084766,8.44637949,222484977
2025-02-27,8.48552841,8.67148578,8.45616672,8.62254963,216075723
2025-02-28,8.63233686,8.75957085,8.50510287,8.5148901,217380800
2025-03-03,8.58340071,8.75957085,8.5148901,8.55403902,156304205
2025-03-04,8.49531564,8.57361348,8.35829442,8.56382625,115279662
2025-03-05,8.54425179,8.58340071,8.36808165,8.42680503,116443630
2025-03-06,8.47574118,8.7106347,8.43659226,8.7106347,186307833
2025-03-07,8.63233686,8.65191132,8.52467733,8.6127624,127714204
2025-03-10,8.65191132,8.7106347,8.45616672,8.50510287,92552287
2025-03-11,8.43659226,8.45616672,8.33871996,8.44637949,98547083
2025-03-12,8.42680503,8.42680503,8.3191455,8.35829442,96697994
2025-03-13,8.33871996,8.38765611,8.25063489,8.3191455,73001858
2025-03-14,8.30935827,8.5148901,8.30935827,8.50510287,191830598
2025-03-17,8.5148901,8.63233686,8.5148901,8.56382625,99853113
2025-03-18,8.56382625,8.63233686,8.48552841,8.52467733,78795801
2025-03-19,8.52467733,8.53446456,8.42680503,8.45616672,67672292
2025-03-20,8.45616672,8.50510287,8.39744334,8.42680503,66608201
2025-03-21,8.40723057,8.43659226,8.27999658,8.34850719,95905375
2025-03-24,8.32893273,8.33871996,8.23106043,8.27999658,67626173
2025-03-25,8.27020935,8.39744334,8.23106043,8.33871996,68233554
2025-03-26,8.32893273,8.44637949,8.28978381,8.32893273,73571168
2025-03-27,8.3191455,8.34850719,8.25063489,8.28978381,56925490
2025-03-28,8.29957104,8.3191455,8.2212732,8.27020935,53956965
2025-03-31,8.24084766,8.25063489,8.05489029,8.08425198,75291040
2025-04-01,8.10382644,8.1234009,8.03531583,8.06467752,69463364
2025-04-02,8.05489029,8.13318813,8.0255286,8.11361367,71208015
2025-04-03,8.06467752,8.37786888,8.05489029,8.21148597,138055075
2025-04-07,7.96680522,8.0255286,7.5361671,7.76127339,193665728
2025-04-08,7.77106062,8.36808165,7.76127339,8.3191455,243871437
2025-04-09,8.27999658,8.73020916,8.19191151,8.73020916,256082161
2025-04-10,8.6127624,8.78893254,8.4170178,8.78893254,181545130
2025-04-11,8.69106024,8.69106024,8.48552841,8.54425179,118488292
2025-04-14,8.44637949,8.54425179,8.42680503,8.48552841,70063401
2025-04-15,8.45616672,8.48552841,8.36808165,8.47574118,63694511
2025-04-16,8.46595395,8.64212409,8.44637949,8.64212409,130831067
2025-04-17,8.6127624,9.12169836,8.57361348,9.0042516,275559566
2025-04-18,8.9063793,9.04340052,8.82808146,9.0042516,110891856
2025-04-21,8.94552822,8.95531545,8.84765592,8.86723038,80660205
2025-04-22,8.85744315,8.9063793,8.77914531,8.81829423,65184536
2025-04-23,8.808507,8.83786869,8.62254963,8.65191132,96991845
2025-04-24,8.64212409,8.78893254,8.56382625,8.67148578,82257172
2025-04-25,8.69106024,8.94552822,8.49531564,8.57361348,194337467
2025-04-28,8.42680503,8.46595395,8.10382644,8.13318813,187845010
2025-04-29,8.17233705,8.23106043,8.13318813,8.15276259,63072456
2025-04-30,8.13318813,8.3191455,8.11361367,8.19191151,86990865
2025-05-06,8.20169874,8.23106043,8.16254982,8.17233705,108429769
2025-05-07,8.46595395,8.52467733,8.25063489,8.3191455,160077028
2025-05-08,8.26042212,8.30935827,8.25063489,8.26042212,74845518
2025-05-09,8.27020935,8.27999658,8.04510306,8.07446475,116704000
2025-05-12,8.09403921,8.13318813,8.06467752,8.1234009,79853735
2025-05-13,8.15276259,8.18212428,8.10382644,8.1234009,61724600
2025-05-14,8.11361367,8.24084766,8.04510306,8.17233705,101344343
2025-05-15,8.13318813,8.20169874,8.06467752,8.07446475,71194947
2025-05-16,8.08425198,8.11361367,8.01574137,8.09403921,74657810
2025-05-19,8.08425198,8.14297536,8.03531583,8.10382644,64889747
2025-05-20,8.10382644,8.11361367,8.06467752,8.08425198,47951549
2025-05-21,8.08425198,8.09403921,8.0255286,8.04510306,65293089
2025-05-22,8.03531583,8.04510306,7.97659245,7.99616691,65422362
2025-05-23,7.98637968,8.04510306,7.91786907,7.91786907,63255116
2025-05-26,7.89829461,7.94723076,7.84935846,7.89829461,55179055
2025-05-27,7.89829461,7.96680522,7.88850738,7.9276563,41007494
2025-05-28,7.94723076,7.95701799,7.89829461,7.90808184,28336258
2025-05-29,7.91786907,7.96680522,7.88850738,7.93744353,55153127
2025-05-30,7.93744353,7.96680522,7.90808184,7.95701799,52873541
2025-06-03,7.89829461,7.95701799,7.87872015,7.93744353,47752025
2025-06-04,7.93744353,8.00595414,7.9276563,7.99616691,53255823
2025-06-05,8.00595414,8.07446475,7.98637968,8.01574137,63575462
2025-06-06,8.01574137,8.03531583,7.95701799,7.98637968,48275465
2025-06-09,7.99616691,8.00595414,7.95701799,7.98637968,59400946
2025-06-10,7.98637968,8.06467752,7.89829461,7.94723076,75473239
2025-06-11,7.94723076,8.00595414,7.9276563,7.98637968,55466948
2025-06-12,7.98637968,7.99616691,7.93744353,7.96680522,49935600
2025-06-13,7.94723076,7.95701799,7.87872015,7.88850738,74994565
2025-06-16,7.9276563,8.10382644,7.90808184,8.06467752,131241902
2025-06-17,8.03531583,8.04510306,7.93744353,7.94723076,70854029
2025-06-18,7.94723076,7.95701799,7.81020954,7.83957123,94716646
2025-06-19,7.829784,7.83957123,7.6340394,7.71233724,91496219
2025-06-20,7.71233724,7.75148616,7.65361386,7.72212447,58369335
2025-06-23,7.66340109,7.7319117,7.61446494,7.71233724,51221756
2025-06-24,7.7319117,7.80042231,7.70255001,7.80042231,69721928
2025-06-25,7.79063508,7.88850738,7.75148616,7.87872015,79252471
2025-06-26,7.87872015,7.89829461,7.84935846,7.86893292,66668050
2025-06-27,7.86893292,8.0255286,7.85914569,7.87872015,95197560
2025-06-30,7.88850738,7.99616691,7.85914569,7.9276563,62953381
2025-07-01,7.93744353,7.94723076,7.81999677,7.84935846,91430793
2025-07-02,7.85914569,7.9276563,7.829784,7.90808184,82613610
2025-07-03,7.91786907,7.99616691,7.89829461,7.93744353,82263441
2025-07-04,7.9276563,7.95701799,7.88850738,7.89829461,83667605
2025-07-07,7.87872015,8.0255286,7.86893292,7.98637968,118421200
2025-07-08,7.97659245,8.05489029,7.94723076,8.04510306,94873807
2025-07-09,8.03531583,8.08425198,7.96680522,7.97659245,129853810
2025-07-10,7.97659245,8.25063489,7.96680522,8.16254982,225925590
2025-07-11,8.16254982,8.20169874,8.08425198,8.08425198,144120627
2025-07-14,8.07446475,8.1234009,7.95701799,7.96680522,140926898
2025-07-15,7.93744353,7.95701799,7.78084785,7.83957123,172667019
2025-07-16,7.81999677,7.86893292,7.78084785,7.81020954,91855387
2025-07-17,7.81020954,7.83957123,7.78084785,7.81999677,66262787
2025-07-18,7.829784,7.84935846,7.81020954,7.84935846,74775872
2025-07-21,7.84935846,7.88850738,7.829784,7.87872015,98304955
2025-07-22,7.88850738,8.04510306,7.81999677,8.0255286,201934509
2025-07-23,8.0255286,8.17233705,7.99616691,8.0255286,196546305
2025-07-24,8.00595414,8.20169874,8.00595414,8.16254982,216083409
2025-07-25,8.15276259,8.28978381,8.1234009,8.20169874,180213331
2025-07-28,8.20169874,8.36808165,8.07446475,8.30935827,189697254
2025-07-29,8.29957104,8.32893273,8.19191151,8.24084766,133682997
2025-07-30,8.2212732,8.33871996,8.13318813,8.14297536,165038835
2025-07-31,8.10382644,8.13318813,7.78084785,7.81020954,286959825
2025-08-01,7.80042231,7.83957123,7.75148616,7.78084785,111441292
2025-08-04,7.81999677,7.81999677,7.76127339,7.81999677,89911883
2025-08-05,7.81999677,7.87872015,7.80042231,7.86893292,100854527
2025-08-06,7.85914569,7.85914569,7.80042231,7.83957123,79003224
2025-08-07,7.829784,7.87872015,7.78084785,7.86893292,113334525
2025-08-08,7.84935846,7.86893292,7.81020954,7.83957123,74432362
2025-08-11,7.86893292,7.91786907,7.85914569,7.85914569,112944649
2025-08-12,7.85914569,7.89829461,7.83957123,7.84935846,97401443
2025-08-13,7.86893292,7.87872015,7.81020954,7.829784,107251058
2025-08-14,7.83957123,7.95701799,7.81999677,7.83957123,192971875
2025-08-15,7.83957123,8.01574137,7.81999677,7.97659245,263836630
2025-08-18,7.98637968,8.00595414,7.85914569,7.85914569,224015573
2025-08-19,7.88850738,7.94723076,7.81020954,7.81999677,266059421
2025-08-20,7.83,7.93,7.77,7.87,172426623
2025-08-21,7.88,7.98,7.85,7.93,175059733
2025-08-22,7.92,7.97,7.87,7.96,140611753
2025-08-25,8.0,8.55,7.99,8.3,524658268
2025-08-26,8.26,8.27,8.18,8.22,187156670
2025-08-27,8.2,8.22,7.97,7.98,261176653
2025-08-28,7.99,8.04,7.86,7.96,200020991
2025-08-29,8.05,8.1,7.92,7.96,307803522
2025-09-01,7.96,8.01,7.86,7.89,256017481
2025-09-02,7.87,7.91,7.77,7.82,221099231
2025-09-03,7.83,7.85,7.68,7.73,176382386
2025-09-04,7.72,7.76,7.68,7.72,128539301
2025-09-05,7.72,7.75,7.69,7.74,136911327
2025-09-08,7.78,7.83,7.73,7.76,236123083
2025-09-09,7.78,7.89,7.75,7.88,284201696
2025-09-10,7.85,7.85,7.79,7.83,145072006
2025-09-11,7.8,7.82,7.75,7.82,159568744
2025-09-12,7.83,8.0,7.83,7.87,292658891
2025-09-15,7.86,7.97,7.81,7.96,247235797
2025-09-16,7.94,8.01,7.88,7.98,190679653
2025-09-17,7.96,8.03,7.9,8.0,203985378
2025-09-18,7.95,7.96,7.73,7.76,260694783
2025-09-19,7.77,7.95,7.69,7.93,261128175
2025-09-22,7.86,7.89,7.78,7.82,174040579
2025-09-23,7.76,7.78,7.58,7.62,194020300
2025-09-24,7.58,7.78,7.57,7.66,146177628
2025-09-25,7.64,7.69,7.59,7.66,142392293
2025-09-26,7.63,7.9,7.62,7.72,215922863
2025-09-29,7.7,7.78,7.61,7.72,162946345
2025-09-30,7.7,7.88,7.69,7.86,250893219
2025-10-09,7.82,7.89,7.62,7.88,274502587
2025-10-10,7.79,8.0,7.78,7.93,232527851
2025-10-13,7.78,7.96,7.71,7.89,238758212
2025-10-14,7.88,7.99,7.84,7.88,188776577
2025-10-15,7.86,7.92,7.78,7.87,137128713
2025-10-16,7.84,7.87,7.77,7.82,131681820
2025-10-17,7.81,7.91,7.74,7.75,179760804
2025-10-20,7.78,7.8,7.69,7.71,118655815
2025-10-21,7.71,7.77,7.68,7.72,128550186
2025-10-22,7.64,7.71,7.56,7.58,251663627
2025-10-23,7.58,7.59,7.44,7.51,161392323
2025-10-24,7.5,7.52,7.47,7.49,86630223
2025-10-27,7.5,7.51,7.47,7.48,105048850
2025-10-28,7.48,7.49,7.41,7.42,116844651
2025-10-29,7.42,7.44,7.36,7.44,116082370
2025-10-30,7.42,7.44,7.32,7.33,154201400
2025-10-31,7.33,7.35,7.31,7.33,92004060
2025-11-03,7.35,7.35,7.27,7.3,90224231
2025-11-04,7.28,7.29,7.19,7.21,141893065
2025-11-05,7.15,7.21,7.13,7.18,81714927
2025-11-06,7.16,7.19,7.15,7.17,84661262
2025-11-07,7.15,7.23,7.15,7.18,82669344
2025-11-10,7.21,7.28,7.19,7.27,123597163
2025-11-11,7.28,7.32,7.25,7.29,102921703
2025-11-12,7.3,7.31,7.26,7.27,79832772
2025-11-13,7.26,7.29,7.21,7.28,83074570
2025-11-14,7.26,7.31,7.25,7.25,101066144
2025-11-17,7.24,7.27,7.23,7.25,72601260
2025-11-18,7.24,7.25,7.08,7.08,155128810
2025-11-19,7.08,7.09,6.93,6.95,151027509
2025-11-20,6.95,7.18,6.86,7.07,248897336
2025-11-21,6.99,7.07,6.93,6.93,126738095
2025-11-24,6.93,7.06,6.93,7.0,109507754
2025-11-25,6.99,7.03,6.95,6.98,84410192
2025-11-26,6.98,6.99,6.87,6.87,106039305
2025-11-27,6.77,6.83,6.66,6.77,129022053
2025-11-28,6.75,6.78,6.68,6.76,98394984
2025-12-01,6.72,6.75,6.61,6.62,169290928
2025-12-02,6.62,6.65,6.58,6.59,95153412
2025-12-03,6.59,6.61,6.45,6.46,139391720
2025-12-04,6.46,6.59,6.45,6.48,114628874
2025-12-05,6.46,6.54,6.38,6.53,166957678
2025-12-08,6.49,6.57,6.49,6.51,103998342
2025-12-09,6.49,6.5,6.34,6.35,144994040
2025-12-10,6.34,6.82,6.28,6.68,299773707
2025-12-11,6.58,6.58,6.41,6.42,189509622
2025-12-12,6.46,6.53,6.4,6.42,161917428
2025-12-15,6.32,6.38,6.26,6.27,163874913
2025-12-16,6.27,6.35,6.25,6.28,125496127
2025-12-17,6.27,6.31,6.19,6.28,120152970
2025-12-18,6.25,6.29,6.23,6.25,94118234
2025-12-19,6.24,6.35,6.23,6.33,134527857
2025-12-22,6.31,6.37,6.27,6.34,106653695
2025-12-23,6.31,6.32,6.26,6.27,81466117
2025-12-24,6.27,6.3,6.23,6.26,105848211
2025-12-25,6.28,6.31,6.24,6.28,65935549
2025-12-26,6.26,6.3,6.25,6.26,71982286
2025-12-29,6.26,6.29,6.18,6.19,120408077
2025-12-30,6.18,6.18,6.09,6.09,114675553
2025-12-31,6.13,6.15,6.08,6.1,82620724
2026-01-05,6.11,6.38,6.1,6.32,251858719
2026-01-06,6.3,6.55,6.28,6.48,248151525
2026-01-07,6.47,6.51,6.38,6.39,142852922
2026-01-08,6.38,6.64,6.34,6.59,225580415
2026-01-09,6.57,6.63,6.49,6.57,171997221
2026-01-12,6.52,6.58,6.49,6.51,149782242
2026-01-13,6.51,6.61,6.46,6.47,169011206
2026-01-14,6.45,6.53,6.27,6.29,254157348
2026-01-15,6.33,6.52,6.32,6.39,222547330
2026-01-16,6.42,6.44,6.21,6.23,195001296
2026-01-19,6.21,6.3,6.16,6.26,120088421
2026-01-20,6.29,6.68,6.28,6.53,420305377
2026-01-21,6.51,6.57,6.43,6.5,210906391
2026-01-22,6.51,6.65,6.42,6.58,520200411
2026-01-23,6.56,6.74,6.51,6.71,368266073
2026-01-26,6.66,6.76,6.62,6.65,240396199
2026-01-27,6.66,6.7,6.54,6.6,193873529
2026-01-28,6.66,6.9,6.64,6.8,358121802
2026-01-29,6.79,7.2,6.76,7.11,438362691
2026-01-30,7.05,7.08,6.79,6.81,321733736
2026-02-02,6.7,6.87,6.62,6.63,222322400
2026-02-03,6.7,6.81,6.67,6.8,167439385
2026-02-04,6.76,7.22,6.75,7.19,397289994
2026-02-05,7.14,7.25,7.11,7.17,190935006
2026-02-06,7.11,7.15,6.97,6.98,190975679
2026-02-09,7.01,7.29,6.99,7.08,233919168
2026-02-10,7.06,7.08,6.88,6.89,184071088
2026-02-11,6.87,6.92,6.82,6.88,97494623
2026-02-12,6.89,6.97,6.81,6.81,106589667
2026-02-13,6.83,6.85,6.71,6.74,114321623
2026-02-24,6.75,6.82,6.71,6.79,109356222
2026-02-25,6.8,7.11,6.8,6.96,247466030
2026-02-26,6.93,6.95,6.74,6.77,184826675
2026-02-27,6.77,6.82,6.74,6.8,87067521
2026-03-02,6.72,6.9,6.7,6.79,151949718
2026-03-03,6.78,6.84,6.67,6.68,144782030
2026-03-04,6.66,6.7,6.52,6.59,169397856
2026-03-05,6.65,6.68,6.54,6.57,106723059
2026-03-06,6.55,6.58,6.41,6.53,154413258
2026-03-09,6.42,6.44,6.28,6.35,174962443
2026-03-10,6.38,6.4,6.31,6.35,99120331
2026-03-11,6.34,6.43,6.32,6.39,95373043
2026-03-12,6.38,6.45,6.35,6.39,109730924
2026-03-13,6.43,6.65,6.43,6.46,205645825
2026-03-16,6.5,6.61,6.45,6.46,125586917
2026-03-17,6.48,6.64,6.47,6.5,184780561
2026-03-18,6.5,6.51,6.34,6.36,138933839
2026-03-19,6.31,6.35,6.22,6.24,102131709
2026-03-20,6.25,6.28,6.16,6.16,77075252
2026-03-23,6.11,6.11,5.9,5.92,154343392
2026-03-24,5.97,6.0,5.88,5.97,97085144
2026-03-25,5.97,6.03,5.95,6.01,90829309
2026-03-26,6.01,6.03,5.88,5.88,82054257
2026-03-27,5.83,5.9,5.81,5.89,67267070
2026-03-30,5.82,5.86,5.77,5.84,75140683
2026-03-31,5.85,5.93,5.79,5.82,82156948
2026-04-01,5.88,5.91,5.83,5.89,69500465
