datetime,symbol,date,time,period,open,high,low,close,volume,amount
2025-01-02 09:45:00,600110,2025-01-02,09:45:00,15,4.0,4.0,3.95,4.0,2748200,10914511.0
2025-01-02 10:00:00,600110,2025-01-02,10:00:00,15,4.0,4.01,3.97,3.97,897000,3582058.0
2025-01-02 10:15:00,600110,2025-01-02,10:15:00,15,3.99,4.0,3.98,3.99,976000,3895070.0
2025-01-02 10:30:00,600110,2025-01-02,10:30:00,15,3.98,4.03,3.98,4.02,1693100,6773744.0
2025-01-02 10:45:00,600110,2025-01-02,10:45:00,15,4.02,4.03,3.99,4.0,922600,3697472.0
2025-01-02 11:00:00,600110,2025-01-02,11:00:00,15,4.0,4.02,3.99,4.01,770700,3090964.0
2025-01-02 11:15:00,600110,2025-01-02,11:15:00,15,4.01,4.02,3.99,3.99,820300,3284246.0
2025-01-02 11:30:00,600110,2025-01-02,11:30:00,15,4.0,4.0,3.99,3.99,340700,1360964.0
2025-01-02 13:15:00,600110,2025-01-02,13:15:00,15,4.0,4.0,3.98,3.98,881700,3517712.0
2025-01-02 13:30:00,600110,2025-01-02,13:30:00,15,3.99,3.99,3.95,3.96,1144500,4538696.0
2025-01-02 13:45:00,600110,2025-01-02,13:45:00,15,3.96,3.97,3.94,3.95,1283100,5073132.0
2025-01-02 14:00:00,600110,2025-01-02,14:00:00,15,3.94,3.95,3.92,3.94,1237300,4867388.0
2025-01-02 14:15:00,600110,2025-01-02,14:15:00,15,3.94,3.95,3.9,3.9,1419500,5564348.0
2025-01-02 14:30:00,600110,2025-01-02,14:30:00,15,3.91,3.92,3.89,3.91,1512800,5901184.0
2025-01-02 14:45:00,600110,2025-01-02,14:45:00,15,3.91,3.91,3.86,3.86,2530200,9813044.0
2025-01-02 15:00:00,600110,2025-01-02,15:00:00,15,3.86,3.9,3.85,3.89,1705100,6611208.0
2025-01-03 09:45:00,600110,2025-01-03,09:45:00,15,3.91,3.93,3.82,3.88,3625500,14041341.0
2025-01-03 10:00:00,600110,2025-01-03,10:00:00,15,3.88,3.91,3.85,3.89,2682200,10397435.0
2025-01-03 10:15:00,600110,2025-01-03,10:15:00,15,3.89,3.9,3.85,3.86,1330200,5152700.0
2025-01-03 10:30:00,600110,2025-01-03,10:30:00,15,3.87,3.92,3.86,3.91,1600700,6230750.0
2025-01-03 10:45:00,600110,2025-01-03,10:45:00,15,3.9,3.91,3.86,3.86,887400,3446488.0
2025-01-03 11:00:00,600110,2025-01-03,11:00:00,15,3.87,3.87,3.85,3.86,335500,1295072.0
2025-01-03 11:15:00,600110,2025-01-03,11:15:00,15,3.86,3.87,3.85,3.87,571800,2207116.0
2025-01-03 11:30:00,600110,2025-01-03,11:30:00,15,3.87,3.88,3.83,3.84,986200,3797108.0
2025-01-03 13:15:00,600110,2025-01-03,13:15:00,15,3.84,3.84,3.82,3.84,817000,3128908.0
2025-01-03 13:30:00,600110,2025-01-03,13:30:00,15,3.83,3.84,3.82,3.83,800100,3062664.0
2025-01-03 13:45:00,600110,2025-01-03,13:45:00,15,3.83,3.84,3.81,3.81,1118800,4285004.0
2025-01-03 14:00:00,600110,2025-01-03,14:00:00,15,3.81,3.82,3.78,3.79,1891900,7184356.0
2025-01-03 14:15:00,600110,2025-01-03,14:15:00,15,3.79,3.79,3.75,3.77,1706900,6441052.0
2025-01-03 14:30:00,600110,2025-01-03,14:30:00,15,3.77,3.8,3.74,3.77,1962000,7403568.0
2025-01-03 14:45:00,600110,2025-01-03,14:45:00,15,3.77,3.77,3.75,3.76,1620200,6088920.0
2025-01-03 15:00:00,600110,2025-01-03,15:00:00,15,3.75,3.76,3.72,3.76,1895100,7098632.0
2025-01-06 09:45:00,600110,2025-01-06,09:45:00,15,3.76,3.77,3.67,3.73,4252800,15802952.0
2025-01-06 10:00:00,600110,2025-01-06,10:00:00,15,3.74,3.77,3.73,3.75,1735200,6509670.0
2025-01-06 10:15:00,600110,2025-01-06,10:15:00,15,3.75,3.82,3.74,3.82,2264200,8553136.0
2025-01-06 10:30:00,600110,2025-01-06,10:30:00,15,3.82,3.82,3.78,3.82,1036900,3944966.0
2025-01-06 10:45:00,600110,2025-01-06,10:45:00,15,3.82,3.82,3.77,3.77,635700,2412508.0
2025-01-06 11:00:00,600110,2025-01-06,11:00:00,15,3.77,3.78,3.76,3.77,390600,1474004.0
2025-01-06 11:15:00,600110,2025-01-06,11:15:00,15,3.77,3.8,3.77,3.78,347100,1312468.0
2025-01-06 11:30:00,600110,2025-01-06,11:30:00,15,3.78,3.79,3.75,3.79,924200,3486240.0
2025-01-06 13:15:00,600110,2025-01-06,13:15:00,15,3.78,3.8,3.77,3.77,1105800,4182240.0
2025-01-06 13:30:00,600110,2025-01-06,13:30:00,15,3.77,3.77,3.75,3.76,484100,1820976.0
2025-01-06 13:45:00,600110,2025-01-06,13:45:00,15,3.76,3.77,3.73,3.74,858800,3219296.0
2025-01-06 14:00:00,600110,2025-01-06,14:00:00,15,3.73,3.76,3.73,3.75,598400,2240020.0
2025-01-06 14:15:00,600110,2025-01-06,14:15:00,15,3.76,3.79,3.75,3.75,539000,2030360.0
2025-01-06 14:30:00,600110,2025-01-06,14:30:00,15,3.75,3.76,3.74,3.75,427600,1601640.0
2025-01-06 14:45:00,600110,2025-01-06,14:45:00,15,3.76,3.77,3.74,3.76,709800,2666440.0
2025-01-06 15:00:00,600110,2025-01-06,15:00:00,15,3.77,3.79,3.76,3.77,982600,3708980.0
2025-01-07 09:45:00,600110,2025-01-07,09:45:00,15,3.78,3.82,3.78,3.82,2801000,10649906.0
2025-01-07 10:00:00,600110,2025-01-07,10:00:00,15,3.82,3.84,3.8,3.81,1583000,6058571.0
2025-01-07 10:15:00,600110,2025-01-07,10:15:00,15,3.81,3.84,3.81,3.81,837100,3199737.0
2025-01-07 10:30:00,600110,2025-01-07,10:30:00,15,3.81,3.83,3.81,3.83,683100,2610110.0
2025-01-07 10:45:00,600110,2025-01-07,10:45:00,15,3.83,3.83,3.81,3.82,434500,1658672.0
2025-01-07 11:00:00,600110,2025-01-07,11:00:00,15,3.82,3.84,3.8,3.8,1134400,4336132.0
2025-01-07 11:15:00,600110,2025-01-07,11:15:00,15,3.8,3.81,3.8,3.81,373000,1418968.0
2025-01-07 11:30:00,600110,2025-01-07,11:30:00,15,3.81,3.81,3.78,3.79,1072600,4070412.0
2025-01-07 13:15:00,600110,2025-01-07,13:15:00,15,3.78,3.8,3.78,3.79,329800,1249608.0
2025-01-07 13:30:00,600110,2025-01-07,13:30:00,15,3.79,3.84,3.78,3.83,1512700,5764756.0
2025-01-07 13:45:00,600110,2025-01-07,13:45:00,15,3.83,3.84,3.82,3.84,814300,3119964.0
2025-01-07 14:00:00,600110,2025-01-07,14:00:00,15,3.84,3.85,3.82,3.82,1262700,4841352.0
2025-01-07 14:15:00,600110,2025-01-07,14:15:00,15,3.83,3.85,3.82,3.84,927400,3562788.0
2025-01-07 14:30:00,600110,2025-01-07,14:30:00,15,3.84,3.87,3.84,3.87,1437900,5543720.0
2025-01-07 14:45:00,600110,2025-01-07,14:45:00,15,3.87,3.88,3.85,3.87,1784400,6901860.0
2025-01-07 15:00:00,600110,2025-01-07,15:00:00,15,3.87,3.88,3.86,3.87,2089000,8086672.0
2025-01-08 09:45:00,600110,2025-01-08,09:45:00,15,3.86,3.86,3.78,3.82,3446500,13171057.0
2025-01-08 10:00:00,600110,2025-01-08,10:00:00,15,3.81,3.82,3.77,3.78,1841200,6978377.0
2025-01-08 10:15:00,600110,2025-01-08,10:15:00,15,3.77,3.77,3.73,3.74,2380200,8932770.0
2025-01-08 10:30:00,600110,2025-01-08,10:30:00,15,3.74,3.75,3.72,3.72,1433800,5349962.0
2025-01-08 10:45:00,600110,2025-01-08,10:45:00,15,3.73,3.73,3.71,3.72,1565200,5820228.0
2025-01-08 11:00:00,600110,2025-01-08,11:00:00,15,3.72,3.73,3.71,3.72,628100,2334796.0
2025-01-08 11:15:00,600110,2025-01-08,11:15:00,15,3.72,3.73,3.71,3.72,750400,2786932.0
2025-01-08 11:30:00,600110,2025-01-08,11:30:00,15,3.72,3.74,3.68,3.69,1871900,6932060.0
2025-01-08 13:15:00,600110,2025-01-08,13:15:00,15,3.7,3.7,3.68,3.68,1406700,5186492.0
2025-01-08 13:30:00,600110,2025-01-08,13:30:00,15,3.68,3.7,3.68,3.69,951100,3509220.0
2025-01-08 13:45:00,600110,2025-01-08,13:45:00,15,3.69,3.74,3.69,3.73,1155200,4293592.0
2025-01-08 14:00:00,600110,2025-01-08,14:00:00,15,3.74,3.8,3.73,3.78,1761400,6635968.0
2025-01-08 14:15:00,600110,2025-01-08,14:15:00,15,3.78,3.82,3.78,3.82,1298200,4927056.0
2025-01-08 14:30:00,600110,2025-01-08,14:30:00,15,3.81,3.82,3.77,3.77,876500,3326392.0
2025-01-08 14:45:00,600110,2025-01-08,14:45:00,15,3.77,3.79,3.76,3.78,463700,1750936.0
2025-01-08 15:00:00,600110,2025-01-08,15:00:00,15,3.78,3.8,3.78,3.79,1048900,3974160.0
2025-01-09 09:45:00,600110,2025-01-09,09:45:00,15,3.77,3.82,3.76,3.82,4042800,15327029.0
2025-01-09 10:00:00,600110,2025-01-09,10:00:00,15,3.81,3.83,3.76,3.76,2071600,7847179.0
2025-01-09 10:15:00,600110,2025-01-09,10:15:00,15,3.76,3.78,3.75,3.75,1660300,6243988.0
2025-01-09 10:30:00,600110,2025-01-09,10:30:00,15,3.75,3.79,3.75,3.78,1320600,4983244.0
2025-01-09 10:45:00,600110,2025-01-09,10:45:00,15,3.79,3.79,3.77,3.77,579100,2188176.0
2025-01-09 11:00:00,600110,2025-01-09,11:00:00,15,3.78,3.8,3.77,3.8,863800,3266952.0
2025-01-09 11:15:00,600110,2025-01-09,11:15:00,15,3.8,3.82,3.79,3.8,1202000,4575664.0
2025-01-09 11:30:00,600110,2025-01-09,11:30:00,15,3.8,3.82,3.8,3.8,686400,2614820.0
2025-01-09 13:15:00,600110,2025-01-09,13:15:00,15,3.81,3.83,3.8,3.82,1720600,6569672.0
2025-01-09 13:30:00,600110,2025-01-09,13:30:00,15,3.82,3.82,3.8,3.8,506400,1929852.0
2025-01-09 13:45:00,600110,2025-01-09,13:45:00,15,3.8,3.81,3.79,3.8,873900,3320776.0
2025-01-09 14:00:00,600110,2025-01-09,14:00:00,15,3.8,3.81,3.79,3.79,510600,1938448.0
2025-01-09 14:15:00,600110,2025-01-09,14:15:00,15,3.79,3.8,3.77,3.79,851200,3221200.0
2025-01-09 14:30:00,600110,2025-01-09,14:30:00,15,3.8,3.81,3.79,3.8,1010700,3842148.0
2025-01-09 14:45:00,600110,2025-01-09,14:45:00,15,3.8,3.81,3.79,3.79,502200,1907440.0
2025-01-09 15:00:00,600110,2025-01-09,15:00:00,15,3.79,3.8,3.78,3.78,1233700,4676256.0
2025-01-10 09:45:00,600110,2025-01-10,09:45:00,15,3.79,3.86,3.76,3.84,3804900,14510950.0
2025-01-10 10:00:00,600110,2025-01-10,10:00:00,15,3.84,3.84,3.79,3.8,1954900,7460911.0
2025-01-10 10:15:00,600110,2025-01-10,10:15:00,15,3.8,3.81,3.76,3.78,1651100,6244388.0
2025-01-10 10:30:00,600110,2025-01-10,10:30:00,15,3.78,3.78,3.76,3.77,730100,2754560.0
2025-01-10 10:45:00,600110,2025-01-10,10:45:00,15,3.77,3.8,3.77,3.8,1225400,4635868.0
2025-01-10 11:00:00,600110,2025-01-10,11:00:00,15,3.8,3.81,3.77,3.78,654000,2479348.0
2025-01-10 11:15:00,600110,2025-01-10,11:15:00,15,3.78,3.78,3.76,3.76,415000,1563212.0
2025-01-10 11:30:00,600110,2025-01-10,11:30:00,15,3.76,3.77,3.75,3.76,713200,2681032.0
2025-01-10 13:15:00,600110,2025-01-10,13:15:00,15,3.75,3.76,3.72,3.73,1011000,3784336.0
2025-01-10 13:30:00,600110,2025-01-10,13:30:00,15,3.73,3.76,3.72,3.74,905400,3385764.0
2025-01-10 13:45:00,600110,2025-01-10,13:45:00,15,3.74,3.75,3.73,3.74,526800,1968264.0
2025-01-10 14:00:00,600110,2025-01-10,14:00:00,15,3.73,3.74,3.72,3.72,569500,2124808.0
2025-01-10 14:15:00,600110,2025-01-10,14:15:00,15,3.72,3.73,3.71,3.72,489000,1818808.0
2025-01-10 14:30:00,600110,2025-01-10,14:30:00,15,3.71,3.73,3.71,3.72,871300,3239044.0
2025-01-10 14:45:00,600110,2025-01-10,14:45:00,15,3.71,3.72,3.69,3.7,1063300,3940404.0
2025-01-10 15:00:00,600110,2025-01-10,15:00:00,15,3.7,3.71,3.68,3.68,1179400,4351940.0
2025-01-13 09:45:00,600110,2025-01-13,09:45:00,15,3.66,3.67,3.6,3.64,4407000,16020110.0
2025-01-13 10:00:00,600110,2025-01-13,10:00:00,15,3.64,3.7,3.64,3.69,1756700,6460750.0
2025-01-13 10:15:00,600110,2025-01-13,10:15:00,15,3.7,3.71,3.68,3.69,996400,3685668.0
2025-01-13 10:30:00,600110,2025-01-13,10:30:00,15,3.68,3.72,3.68,3.69,935500,3462808.0
2025-01-13 10:45:00,600110,2025-01-13,10:45:00,15,3.69,3.71,3.68,3.71,565600,2091744.0
2025-01-13 11:00:00,600110,2025-01-13,11:00:00,15,3.71,3.73,3.69,3.7,907900,3377328.0
2025-01-13 11:15:00,600110,2025-01-13,11:15:00,15,3.7,3.71,3.69,3.7,258900,957632.0
2025-01-13 11:30:00,600110,2025-01-13,11:30:00,15,3.7,3.71,3.69,3.7,321800,1190656.0
2025-01-13 13:15:00,600110,2025-01-13,13:15:00,15,3.69,3.7,3.67,3.68,1016800,3741920.0
2025-01-13 13:30:00,600110,2025-01-13,13:30:00,15,3.68,3.7,3.68,3.69,294600,1086732.0
2025-01-13 13:45:00,600110,2025-01-13,13:45:00,15,3.68,3.69,3.67,3.68,213200,784856.0
2025-01-13 14:00:00,600110,2025-01-13,14:00:00,15,3.68,3.71,3.67,3.71,735300,2714500.0
2025-01-13 14:15:00,600110,2025-01-13,14:15:00,15,3.72,3.72,3.69,3.7,575600,2132696.0
2025-01-13 14:30:00,600110,2025-01-13,14:30:00,15,3.69,3.71,3.69,3.7,535600,1981516.0
2025-01-13 14:45:00,600110,2025-01-13,14:45:00,15,3.71,3.71,3.69,3.71,828600,3063308.0
2025-01-13 15:00:00,600110,2025-01-13,15:00:00,15,3.71,3.72,3.7,3.71,894600,3317408.0
2025-01-14 09:45:00,600110,2025-01-14,09:45:00,15,3.7,3.76,3.7,3.74,1973600,7360283.0
2025-01-14 10:00:00,600110,2025-01-14,10:00:00,15,3.74,3.77,3.73,3.76,1424800,5343184.0
2025-01-14 10:15:00,600110,2025-01-14,10:15:00,15,3.75,3.76,3.74,3.76,1218300,4570859.0
2025-01-14 10:30:00,600110,2025-01-14,10:30:00,15,3.76,3.77,3.75,3.76,1067200,4012348.0
2025-01-14 10:45:00,600110,2025-01-14,10:45:00,15,3.76,3.77,3.74,3.76,978700,3674248.0
2025-01-14 11:00:00,600110,2025-01-14,11:00:00,15,3.76,3.8,3.75,3.8,1532200,5786032.0
2025-01-14 11:15:00,600110,2025-01-14,11:15:00,15,3.79,3.82,3.79,3.82,1766000,6720436.0
2025-01-14 11:30:00,600110,2025-01-14,11:30:00,15,3.82,3.82,3.8,3.81,1071100,4078260.0
2025-01-14 13:15:00,600110,2025-01-14,13:15:00,15,3.81,3.82,3.8,3.82,758200,2889128.0
2025-01-14 13:30:00,600110,2025-01-14,13:30:00,15,3.82,3.82,3.81,3.82,789400,3011132.0
2025-01-14 13:45:00,600110,2025-01-14,13:45:00,15,3.82,3.84,3.81,3.83,1450500,5546304.0
2025-01-14 14:00:00,600110,2025-01-14,14:00:00,15,3.82,3.85,3.82,3.84,645400,2477440.0
2025-01-14 14:15:00,600110,2025-01-14,14:15:00,15,3.84,3.87,3.84,3.85,2158500,8315220.0
2025-01-14 14:30:00,600110,2025-01-14,14:30:00,15,3.85,3.86,3.84,3.84,1283800,4942156.0
2025-01-14 14:45:00,600110,2025-01-14,14:45:00,15,3.84,3.86,3.82,3.86,2014000,7733648.0
2025-01-14 15:00:00,600110,2025-01-14,15:00:00,15,3.86,3.87,3.85,3.86,1508500,5817304.0
2025-01-15 09:45:00,600110,2025-01-15,09:45:00,15,3.87,3.88,3.77,3.79,4671200,17774051.0
2025-01-15 10:00:00,600110,2025-01-15,10:00:00,15,3.78,3.81,3.77,3.79,2321400,8797930.0
2025-01-15 10:15:00,600110,2025-01-15,10:15:00,15,3.79,3.8,3.77,3.8,1419700,5366706.0
2025-01-15 10:30:00,600110,2025-01-15,10:30:00,15,3.79,3.8,3.78,3.79,497900,1888956.0
2025-01-15 10:45:00,600110,2025-01-15,10:45:00,15,3.79,3.82,3.79,3.81,1180000,4488654.0
2025-01-15 11:00:00,600110,2025-01-15,11:00:00,15,3.81,3.85,3.81,3.84,1154000,4417680.0
2025-01-15 11:15:00,600110,2025-01-15,11:15:00,15,3.84,3.86,3.83,3.84,927200,3565984.0
2025-01-15 11:30:00,600110,2025-01-15,11:30:00,15,3.84,3.86,3.83,3.83,750000,2883716.0
2025-01-15 13:15:00,600110,2025-01-15,13:15:00,15,3.83,3.84,3.81,3.82,584300,2235192.0
2025-01-15 13:30:00,600110,2025-01-15,13:30:00,15,3.82,3.83,3.81,3.82,573200,2188956.0
2025-01-15 13:45:00,600110,2025-01-15,13:45:00,15,3.82,3.83,3.81,3.81,500200,1908376.0
2025-01-15 14:00:00,600110,2025-01-15,14:00:00,15,3.82,3.83,3.81,3.82,294200,1123552.0
2025-01-15 14:15:00,600110,2025-01-15,14:15:00,15,3.82,3.82,3.81,3.82,259600,990872.0
2025-01-15 14:30:00,600110,2025-01-15,14:30:00,15,3.82,3.82,3.81,3.82,671300,2559288.0
2025-01-15 14:45:00,600110,2025-01-15,14:45:00,15,3.82,3.83,3.81,3.81,1291200,4932476.0
2025-01-15 15:00:00,600110,2025-01-15,15:00:00,15,3.81,3.83,3.81,3.82,975900,3730104.0
2025-01-16 09:45:00,600110,2025-01-16,09:45:00,15,3.83,3.92,3.83,3.92,4974500,19338476.0
2025-01-16 10:00:00,600110,2025-01-16,10:00:00,15,3.92,3.93,3.89,3.89,2444000,9560604.0
2025-01-16 10:15:00,600110,2025-01-16,10:15:00,15,3.89,3.91,3.87,3.88,1006200,3912728.0
2025-01-16 10:30:00,600110,2025-01-16,10:30:00,15,3.87,3.88,3.86,3.87,1023800,3960632.0
2025-01-16 10:45:00,600110,2025-01-16,10:45:00,15,3.87,3.88,3.85,3.86,681100,2631900.0
2025-01-16 11:00:00,600110,2025-01-16,11:00:00,15,3.86,3.86,3.84,3.85,1144100,4402848.0
2025-01-16 11:15:00,600110,2025-01-16,11:15:00,15,3.85,3.86,3.84,3.84,516700,1988444.0
2025-01-16 11:30:00,600110,2025-01-16,11:30:00,15,3.84,3.85,3.83,3.84,442900,1700736.0
2025-01-16 13:15:00,600110,2025-01-16,13:15:00,15,3.84,3.85,3.81,3.82,927800,3552392.0
2025-01-16 13:30:00,600110,2025-01-16,13:30:00,15,3.82,3.84,3.82,3.82,617800,2366484.0
2025-01-16 13:45:00,600110,2025-01-16,13:45:00,15,3.82,3.85,3.82,3.83,571600,2192460.0
2025-01-16 14:00:00,600110,2025-01-16,14:00:00,15,3.83,3.85,3.83,3.84,642400,2465192.0
2025-01-16 14:15:00,600110,2025-01-16,14:15:00,15,3.84,3.86,3.84,3.86,1050400,4044592.0
2025-01-16 14:30:00,600110,2025-01-16,14:30:00,15,3.86,3.87,3.85,3.85,786900,3034300.0
2025-01-16 14:45:00,600110,2025-01-16,14:45:00,15,3.86,3.86,3.84,3.85,486800,1872764.0
2025-01-16 15:00:00,600110,2025-01-16,15:00:00,15,3.85,3.86,3.84,3.85,1081800,4165780.0
2025-01-17 09:45:00,600110,2025-01-17,09:45:00,15,3.84,3.87,3.83,3.84,1563400,6018313.0
2025-01-17 10:00:00,600110,2025-01-17,10:00:00,15,3.84,3.84,3.81,3.82,1344600,5146399.0
2025-01-17 10:15:00,600110,2025-01-17,10:15:00,15,3.82,3.87,3.81,3.84,1089900,4183252.0
2025-01-17 10:30:00,600110,2025-01-17,10:30:00,15,3.84,3.85,3.83,3.84,305900,1174772.0
2025-01-17 10:45:00,600110,2025-01-17,10:45:00,15,3.83,3.84,3.81,3.82,401000,1532844.0
2025-01-17 11:00:00,600110,2025-01-17,11:00:00,15,3.82,3.84,3.82,3.82,226900,868584.0
2025-01-17 11:15:00,600110,2025-01-17,11:15:00,15,3.82,3.84,3.81,3.83,304100,1162372.0
2025-01-17 11:30:00,600110,2025-01-17,11:30:00,15,3.83,3.87,3.82,3.87,685400,2636628.0
2025-01-17 13:15:00,600110,2025-01-17,13:15:00,15,3.87,3.87,3.84,3.85,644600,2486624.0
2025-01-17 13:30:00,600110,2025-01-17,13:30:00,15,3.85,3.87,3.84,3.86,590500,2277602.0
2025-01-17 13:45:00,600110,2025-01-17,13:45:00,15,3.85,3.88,3.85,3.86,601600,2324946.0
2025-01-17 14:00:00,600110,2025-01-17,14:00:00,15,3.86,3.86,3.84,3.86,375400,1445208.0
2025-01-17 14:15:00,600110,2025-01-17,14:15:00,15,3.85,3.87,3.84,3.86,547000,2109940.0
2025-01-17 14:30:00,600110,2025-01-17,14:30:00,15,3.86,3.86,3.85,3.85,214700,827524.0
2025-01-17 14:45:00,600110,2025-01-17,14:45:00,15,3.85,3.86,3.84,3.85,624300,2405624.0
2025-01-17 15:00:00,600110,2025-01-17,15:00:00,15,3.85,3.86,3.85,3.85,753200,2902292.0
2025-01-20 09:45:00,600110,2025-01-20,09:45:00,15,3.89,3.93,3.86,3.89,3673700,14297505.0
2025-01-20 10:00:00,600110,2025-01-20,10:00:00,15,3.89,3.93,3.88,3.92,2016700,7893899.0
2025-01-20 10:15:00,600110,2025-01-20,10:15:00,15,3.92,3.93,3.91,3.93,930300,3646572.0
2025-01-20 10:30:00,600110,2025-01-20,10:30:00,15,3.92,3.95,3.92,3.94,1492600,5871992.0
2025-01-20 10:45:00,600110,2025-01-20,10:45:00,15,3.94,3.95,3.92,3.93,962400,3789892.0
2025-01-20 11:00:00,600110,2025-01-20,11:00:00,15,3.93,3.94,3.92,3.92,414700,1627152.0
2025-01-20 11:15:00,600110,2025-01-20,11:15:00,15,3.92,3.94,3.91,3.93,736600,2889084.0
2025-01-20 11:30:00,600110,2025-01-20,11:30:00,15,3.93,3.94,3.93,3.94,338400,1330872.0
2025-01-20 13:15:00,600110,2025-01-20,13:15:00,15,3.93,3.95,3.92,3.94,881700,3471428.0
2025-01-20 13:30:00,600110,2025-01-20,13:30:00,15,3.95,3.95,3.93,3.93,319100,1257640.0
2025-01-20 13:45:00,600110,2025-01-20,13:45:00,15,3.93,3.95,3.93,3.94,801600,3159988.0
2025-01-20 14:00:00,600110,2025-01-20,14:00:00,15,3.95,3.95,3.93,3.94,292800,1152512.0
2025-01-20 14:15:00,600110,2025-01-20,14:15:00,15,3.93,3.94,3.92,3.93,705700,2770156.0
2025-01-20 14:30:00,600110,2025-01-20,14:30:00,15,3.93,3.93,3.92,3.92,440600,1728792.0
2025-01-20 14:45:00,600110,2025-01-20,14:45:00,15,3.93,3.93,3.91,3.92,670500,2628052.0
2025-01-20 15:00:00,600110,2025-01-20,15:00:00,15,3.92,3.93,3.91,3.92,1248500,4895168.0
2025-01-21 09:45:00,600110,2025-01-21,09:45:00,15,3.94,3.94,3.89,3.9,2262300,8861555.0
2025-01-21 10:00:00,600110,2025-01-21,10:00:00,15,3.9,3.91,3.84,3.86,2430600,9399533.0
2025-01-21 10:15:00,600110,2025-01-21,10:15:00,15,3.87,3.88,3.85,3.86,1266700,4891436.0
2025-01-21 10:30:00,600110,2025-01-21,10:30:00,15,3.86,3.86,3.84,3.85,910500,3504716.0
2025-01-21 10:45:00,600110,2025-01-21,10:45:00,15,3.85,3.86,3.83,3.83,832700,3198506.0
2025-01-21 11:00:00,600110,2025-01-21,11:00:00,15,3.84,3.84,3.82,3.83,437600,1675962.0
2025-01-21 11:15:00,600110,2025-01-21,11:15:00,15,3.83,3.84,3.82,3.83,813800,3116818.0
2025-01-21 11:30:00,600110,2025-01-21,11:30:00,15,3.83,3.86,3.82,3.85,843800,3244592.0
2025-01-21 13:15:00,600110,2025-01-21,13:15:00,15,3.86,3.86,3.83,3.83,614400,2361392.0
2025-01-21 13:30:00,600110,2025-01-21,13:30:00,15,3.83,3.85,3.83,3.83,312900,1199516.0
2025-01-21 13:45:00,600110,2025-01-21,13:45:00,15,3.83,3.84,3.83,3.83,436900,1673844.0
2025-01-21 14:00:00,600110,2025-01-21,14:00:00,15,3.83,3.84,3.82,3.82,341700,1307476.0
2025-01-21 14:15:00,600110,2025-01-21,14:15:00,15,3.82,3.85,3.82,3.83,506400,1942488.0
2025-01-21 14:30:00,600110,2025-01-21,14:30:00,15,3.83,3.84,3.82,3.82,508800,1948792.0
2025-01-21 14:45:00,600110,2025-01-21,14:45:00,15,3.82,3.83,3.81,3.82,932400,3563340.0
2025-01-21 15:00:00,600110,2025-01-21,15:00:00,15,3.82,3.83,3.82,3.82,689300,2635716.0
2025-01-22 09:45:00,600110,2025-01-22,09:45:00,15,3.83,3.83,3.77,3.8,2084800,7914505.0
2025-01-22 10:00:00,600110,2025-01-22,10:00:00,15,3.8,3.82,3.78,3.8,940500,3573273.0
2025-01-22 10:15:00,600110,2025-01-22,10:15:00,15,3.8,3.81,3.76,3.77,1560400,5896712.0
2025-01-22 10:30:00,600110,2025-01-22,10:30:00,15,3.77,3.79,3.76,3.77,1036300,3908446.0
2025-01-22 10:45:00,600110,2025-01-22,10:45:00,15,3.77,3.79,3.76,3.78,569500,2149826.0
2025-01-22 11:00:00,600110,2025-01-22,11:00:00,15,3.78,3.8,3.77,3.8,442400,1674274.0
2025-01-22 11:15:00,600110,2025-01-22,11:15:00,15,3.8,3.8,3.77,3.78,397000,1503096.0
2025-01-22 11:30:00,600110,2025-01-22,11:30:00,15,3.77,3.79,3.77,3.79,269900,1021214.0
2025-01-22 13:15:00,600110,2025-01-22,13:15:00,15,3.78,3.79,3.76,3.77,587200,2215598.0
2025-01-22 13:30:00,600110,2025-01-22,13:30:00,15,3.78,3.78,3.77,3.78,226100,852950.0
2025-01-22 13:45:00,600110,2025-01-22,13:45:00,15,3.78,3.79,3.76,3.79,658900,2487928.0
2025-01-22 14:00:00,600110,2025-01-22,14:00:00,15,3.79,3.79,3.77,3.79,746400,2823458.0
2025-01-22 14:15:00,600110,2025-01-22,14:15:00,15,3.78,3.79,3.77,3.77,320400,1210940.0
2025-01-22 14:30:00,600110,2025-01-22,14:30:00,15,3.77,3.78,3.77,3.78,293000,1105460.0
2025-01-22 14:45:00,600110,2025-01-22,14:45:00,15,3.78,3.8,3.76,3.8,1138500,4302312.0
2025-01-22 15:00:00,600110,2025-01-22,15:00:00,15,3.8,3.8,3.78,3.78,726800,2754984.0
2025-01-23 09:45:00,600110,2025-01-23,09:45:00,15,3.83,3.91,3.82,3.89,5120000,19786906.0
2025-01-23 10:00:00,600110,2025-01-23,10:00:00,15,3.89,3.89,3.86,3.86,1718500,6660098.0
2025-01-23 10:15:00,600110,2025-01-23,10:15:00,15,3.86,3.87,3.84,3.85,798800,3081320.0
2025-01-23 10:30:00,600110,2025-01-23,10:30:00,15,3.84,3.86,3.84,3.85,614200,2364256.0
2025-01-23 10:45:00,600110,2025-01-23,10:45:00,15,3.84,3.85,3.84,3.85,570400,2192532.0
2025-01-23 11:00:00,600110,2025-01-23,11:00:00,15,3.85,3.86,3.83,3.83,1054500,4054456.0
2025-01-23 11:15:00,600110,2025-01-23,11:15:00,15,3.83,3.84,3.81,3.81,443200,1696032.0
2025-01-23 11:30:00,600110,2025-01-23,11:30:00,15,3.81,3.82,3.81,3.82,199400,760208.0
2025-01-23 13:15:00,600110,2025-01-23,13:15:00,15,3.82,3.84,3.81,3.83,500900,1917040.0
2025-01-23 13:30:00,600110,2025-01-23,13:30:00,15,3.83,3.83,3.8,3.8,851500,3245356.0
2025-01-23 13:45:00,600110,2025-01-23,13:45:00,15,3.8,3.81,3.78,3.78,929600,3530112.0
2025-01-23 14:00:00,600110,2025-01-23,14:00:00,15,3.79,3.8,3.78,3.79,353400,1338932.0
2025-01-23 14:15:00,600110,2025-01-23,14:15:00,15,3.78,3.79,3.77,3.77,530800,2007544.0
2025-01-23 14:30:00,600110,2025-01-23,14:30:00,15,3.77,3.78,3.77,3.78,400500,1510204.0
2025-01-23 14:45:00,600110,2025-01-23,14:45:00,15,3.78,3.78,3.76,3.76,794900,2999900.0
2025-01-23 15:00:00,600110,2025-01-23,15:00:00,15,3.76,3.77,3.75,3.75,1070800,4025416.0
2025-01-24 09:45:00,600110,2025-01-24,09:45:00,15,3.75,3.78,3.72,3.75,1912400,7170915.0
2025-01-24 10:00:00,600110,2025-01-24,10:00:00,15,3.75,3.79,3.74,3.78,1601400,6029320.0
2025-01-24 10:15:00,600110,2025-01-24,10:15:00,15,3.78,3.79,3.74,3.76,812300,3062292.0
2025-01-24 10:30:00,600110,2025-01-24,10:30:00,15,3.76,3.79,3.76,3.79,633800,2391720.0
2025-01-24 10:45:00,600110,2025-01-24,10:45:00,15,3.79,3.8,3.77,3.77,858500,3247946.0
2025-01-24 11:00:00,600110,2025-01-24,11:00:00,15,3.78,3.79,3.77,3.77,389800,1473522.0
2025-01-24 11:15:00,600110,2025-01-24,11:15:00,15,3.78,3.79,3.77,3.78,596300,2256372.0
2025-01-24 11:30:00,600110,2025-01-24,11:30:00,15,3.77,3.8,3.77,3.78,466600,1767460.0
2025-01-24 13:15:00,600110,2025-01-24,13:15:00,15,3.79,3.8,3.78,3.8,866700,3280390.0
2025-01-24 13:30:00,600110,2025-01-24,13:30:00,15,3.8,3.8,3.78,3.79,485400,1841278.0
2025-01-24 13:45:00,600110,2025-01-24,13:45:00,15,3.79,3.8,3.78,3.79,527300,1996048.0
2025-01-24 14:00:00,600110,2025-01-24,14:00:00,15,3.78,3.79,3.77,3.78,771300,2914648.0
2025-01-24 14:15:00,600110,2025-01-24,14:15:00,15,3.79,3.79,3.78,3.78,403500,1527236.0
2025-01-24 14:30:00,600110,2025-01-24,14:30:00,15,3.79,3.8,3.78,3.8,645600,2446524.0
2025-01-24 14:45:00,600110,2025-01-24,14:45:00,15,3.8,3.81,3.79,3.81,1451300,5520452.0
2025-01-24 15:00:00,600110,2025-01-24,15:00:00,15,3.81,3.81,3.8,3.8,1469300,5587008.0
2025-01-27 09:45:00,600110,2025-01-27,09:45:00,15,3.74,3.84,3.74,3.82,3667000,13952419.0
2025-01-27 10:00:00,600110,2025-01-27,10:00:00,15,3.82,3.83,3.78,3.79,844000,3212375.0
2025-01-27 10:15:00,600110,2025-01-27,10:15:00,15,3.8,3.8,3.77,3.77,1052200,3978870.0
2025-01-27 10:30:00,600110,2025-01-27,10:30:00,15,3.77,3.78,3.76,3.77,508400,1916884.0
2025-01-27 10:45:00,600110,2025-01-27,10:45:00,15,3.77,3.77,3.75,3.76,808800,3040090.0
2025-01-27 11:00:00,600110,2025-01-27,11:00:00,15,3.76,3.76,3.73,3.73,1255700,4702914.0
2025-01-27 11:15:00,600110,2025-01-27,11:15:00,15,3.73,3.74,3.72,3.73,1130200,4214734.0
2025-01-27 11:30:00,600110,2025-01-27,11:30:00,15,3.72,3.73,3.71,3.72,912600,3393200.0
2025-01-27 13:15:00,600110,2025-01-27,13:15:00,15,3.72,3.73,3.71,3.71,647300,2407576.0
2025-01-27 13:30:00,600110,2025-01-27,13:30:00,15,3.71,3.72,3.7,3.7,760700,2819400.0
2025-01-27 13:45:00,600110,2025-01-27,13:45:00,15,3.7,3.72,3.7,3.72,433400,1607052.0
2025-01-27 14:00:00,600110,2025-01-27,14:00:00,15,3.72,3.73,3.71,3.71,513300,1908332.0
2025-01-27 14:15:00,600110,2025-01-27,14:15:00,15,3.71,3.73,3.71,3.72,458600,1705588.0
2025-01-27 14:30:00,600110,2025-01-27,14:30:00,15,3.72,3.74,3.71,3.72,658200,2450592.0
2025-01-27 14:45:00,600110,2025-01-27,14:45:00,15,3.72,3.72,3.7,3.71,1097700,4070208.0
2025-01-27 15:00:00,600110,2025-01-27,15:00:00,15,3.71,3.72,3.7,3.71,1728900,6411236.0
2025-02-05 09:45:00,600110,2025-02-05,09:45:00,15,3.71,3.76,3.69,3.75,2920000,10895507.0
2025-02-05 10:00:00,600110,2025-02-05,10:00:00,15,3.75,3.78,3.74,3.77,1662800,6258776.0
2025-02-05 10:15:00,600110,2025-02-05,10:15:00,15,3.77,3.79,3.76,3.78,1376500,5193078.0
2025-02-05 10:30:00,600110,2025-02-05,10:30:00,15,3.78,3.78,3.76,3.78,595000,2244890.0
2025-02-05 10:45:00,600110,2025-02-05,10:45:00,15,3.78,3.78,3.76,3.77,499600,1885016.0
2025-02-05 11:00:00,600110,2025-02-05,11:00:00,15,3.77,3.79,3.77,3.78,658500,2488854.0
2025-02-05 11:15:00,600110,2025-02-05,11:15:00,15,3.78,3.78,3.76,3.77,244200,920616.0
2025-02-05 11:30:00,600110,2025-02-05,11:30:00,15,3.77,3.78,3.76,3.77,656700,2473020.0
2025-02-05 13:15:00,600110,2025-02-05,13:15:00,15,3.77,3.77,3.75,3.76,982400,3692356.0
2025-02-05 13:30:00,600110,2025-02-05,13:30:00,15,3.75,3.76,3.74,3.75,423900,1589776.0
2025-02-05 13:45:00,600110,2025-02-05,13:45:00,15,3.75,3.75,3.73,3.74,441800,1651176.0
2025-02-05 14:00:00,600110,2025-02-05,14:00:00,15,3.74,3.74,3.71,3.72,769200,2862824.0
2025-02-05 14:15:00,600110,2025-02-05,14:15:00,15,3.72,3.73,3.71,3.73,564700,2101460.0
2025-02-05 14:30:00,600110,2025-02-05,14:30:00,15,3.73,3.74,3.72,3.74,641300,2394804.0
2025-02-05 14:45:00,600110,2025-02-05,14:45:00,15,3.74,3.75,3.73,3.75,627500,2345336.0
2025-02-05 15:00:00,600110,2025-02-05,15:00:00,15,3.74,3.75,3.73,3.75,759800,2840908.0
2025-02-06 09:45:00,600110,2025-02-06,09:45:00,15,3.75,3.76,3.7,3.73,2167800,8085348.0
2025-02-06 10:00:00,600110,2025-02-06,10:00:00,15,3.73,3.74,3.71,3.72,1201600,4478187.0
2025-02-06 10:15:00,600110,2025-02-06,10:15:00,15,3.72,3.77,3.71,3.77,1713200,6422578.0
2025-02-06 10:30:00,600110,2025-02-06,10:30:00,15,3.77,3.79,3.76,3.78,1217300,4600220.0
2025-02-06 10:45:00,600110,2025-02-06,10:45:00,15,3.78,3.82,3.78,3.81,2167200,8238978.0
2025-02-06 11:00:00,600110,2025-02-06,11:00:00,15,3.81,3.83,3.8,3.83,1081900,4128760.0
2025-02-06 11:15:00,600110,2025-02-06,11:15:00,15,3.83,3.83,3.81,3.82,784700,2997736.0
2025-02-06 11:30:00,600110,2025-02-06,11:30:00,15,3.82,3.83,3.81,3.82,649800,2481420.0
2025-02-06 13:15:00,600110,2025-02-06,13:15:00,15,3.82,3.83,3.81,3.83,1485600,5682624.0
2025-02-06 13:30:00,600110,2025-02-06,13:30:00,15,3.83,3.85,3.81,3.84,1624800,6219904.0
2025-02-06 13:45:00,600110,2025-02-06,13:45:00,15,3.84,3.85,3.83,3.84,609500,2340792.0
2025-02-06 14:00:00,600110,2025-02-06,14:00:00,15,3.84,3.85,3.83,3.85,588000,2258744.0
2025-02-06 14:15:00,600110,2025-02-06,14:15:00,15,3.84,3.85,3.83,3.85,1041300,4000792.0
2025-02-06 14:30:00,600110,2025-02-06,14:30:00,15,3.84,3.85,3.83,3.84,391400,1502692.0
2025-02-06 14:45:00,600110,2025-02-06,14:45:00,15,3.84,3.87,3.84,3.86,2160800,8322572.0
2025-02-06 15:00:00,600110,2025-02-06,15:00:00,15,3.87,3.87,3.86,3.87,2101700,8129176.0
2025-02-07 09:45:00,600110,2025-02-07,09:45:00,15,3.86,3.91,3.84,3.89,3515100,13658025.0
2025-02-07 10:00:00,600110,2025-02-07,10:00:00,15,3.89,3.94,3.89,3.94,2254200,8819202.0
2025-02-07 10:15:00,600110,2025-02-07,10:15:00,15,3.94,3.96,3.93,3.95,2574800,10163696.0
2025-02-07 10:30:00,600110,2025-02-07,10:30:00,15,3.95,3.96,3.93,3.93,1338700,5285404.0
2025-02-07 10:45:00,600110,2025-02-07,10:45:00,15,3.93,3.95,3.92,3.94,1207700,4752260.0
2025-02-07 11:00:00,600110,2025-02-07,11:00:00,15,3.94,3.96,3.94,3.96,616300,2435412.0
2025-02-07 11:15:00,600110,2025-02-07,11:15:00,15,3.96,3.98,3.95,3.98,2282400,9063320.0
2025-02-07 11:30:00,600110,2025-02-07,11:30:00,15,3.98,4.0,3.97,4.0,1366300,5447140.0
2025-02-07 13:15:00,600110,2025-02-07,13:15:00,15,3.99,4.0,3.97,3.99,1096500,4370628.0
2025-02-07 13:30:00,600110,2025-02-07,13:30:00,15,3.99,4.0,3.98,3.98,1499900,5980088.0
2025-02-07 13:45:00,600110,2025-02-07,13:45:00,15,3.98,3.99,3.97,3.98,1018900,4056408.0
2025-02-07 14:00:00,600110,2025-02-07,14:00:00,15,3.98,3.98,3.95,3.97,1576500,6252328.0
2025-02-07 14:15:00,600110,2025-02-07,14:15:00,15,3.97,3.97,3.92,3.93,2118100,8350952.0
2025-02-07 14:30:00,600110,2025-02-07,14:30:00,15,3.93,3.94,3.91,3.93,1508100,5910632.0
2025-02-07 14:45:00,600110,2025-02-07,14:45:00,15,3.93,3.96,3.92,3.96,1423400,5609408.0
2025-02-07 15:00:00,600110,2025-02-07,15:00:00,15,3.95,3.97,3.95,3.96,1665700,6596400.0
2025-02-10 09:45:00,600110,2025-02-10,09:45:00,15,3.98,3.99,3.94,3.96,3806800,15089172.0
2025-02-10 10:00:00,600110,2025-02-10,10:00:00,15,3.97,3.99,3.94,3.99,2097600,8312314.0
2025-02-10 10:15:00,600110,2025-02-10,10:15:00,15,3.99,4.0,3.97,4.0,1748800,6973966.0
2025-02-10 10:30:00,600110,2025-02-10,10:30:00,15,4.0,4.0,3.98,4.0,1265600,5053278.0
2025-02-10 10:45:00,600110,2025-02-10,10:45:00,15,4.0,4.01,3.98,4.01,1987200,7939200.0
2025-02-10 11:00:00,600110,2025-02-10,11:00:00,15,4.01,4.02,4.0,4.01,848700,3404120.0
2025-02-10 11:15:00,600110,2025-02-10,11:15:00,15,4.01,4.01,3.99,3.99,863800,3455972.0
2025-02-10 11:30:00,600110,2025-02-10,11:30:00,15,3.99,4.0,3.98,4.0,662400,2644044.0
2025-02-10 13:15:00,600110,2025-02-10,13:15:00,15,3.99,4.0,3.98,3.99,556300,2218512.0
2025-02-10 13:30:00,600110,2025-02-10,13:30:00,15,3.99,3.99,3.98,3.99,511500,2038300.0
2025-02-10 13:45:00,600110,2025-02-10,13:45:00,15,3.99,4.01,3.98,4.01,1447500,5778884.0
2025-02-10 14:00:00,600110,2025-02-10,14:00:00,15,4.01,4.06,4.0,4.02,3993000,16086880.0
2025-02-10 14:15:00,600110,2025-02-10,14:15:00,15,4.02,4.04,4.02,4.03,1026000,4135960.0
2025-02-10 14:30:00,600110,2025-02-10,14:30:00,15,4.03,4.09,4.03,4.07,3623800,14752600.0
2025-02-10 14:45:00,600110,2025-02-10,14:45:00,15,4.07,4.08,4.06,4.07,1488900,6053384.0
2025-02-10 15:00:00,600110,2025-02-10,15:00:00,15,4.07,4.09,4.05,4.06,3881600,15790968.0
2025-02-11 09:45:00,600110,2025-02-11,09:45:00,15,4.08,4.09,3.97,3.99,5791800,23184041.0
2025-02-11 10:00:00,600110,2025-02-11,10:00:00,15,3.99,3.99,3.96,3.96,3109900,12351518.0
2025-02-11 10:15:00,600110,2025-02-11,10:15:00,15,3.96,3.99,3.96,3.97,1670100,6633248.0
2025-02-11 10:30:00,600110,2025-02-11,10:30:00,15,3.97,3.98,3.96,3.97,984000,3905612.0
2025-02-11 10:45:00,600110,2025-02-11,10:45:00,15,3.97,3.98,3.96,3.98,598300,2373104.0
2025-02-11 11:00:00,600110,2025-02-11,11:00:00,15,3.98,3.99,3.97,3.98,862900,3435524.0
2025-02-11 11:15:00,600110,2025-02-11,11:15:00,15,3.97,3.99,3.97,3.97,623500,2478716.0
2025-02-11 11:30:00,600110,2025-02-11,11:30:00,15,3.98,3.98,3.97,3.98,771600,3063700.0
2025-02-11 13:15:00,600110,2025-02-11,13:15:00,15,3.98,4.0,3.96,3.99,2424400,9653800.0
2025-02-11 13:30:00,600110,2025-02-11,13:30:00,15,3.99,4.03,3.99,4.01,1970000,7922672.0
2025-02-11 13:45:00,600110,2025-02-11,13:45:00,15,4.0,4.02,4.0,4.0,544900,2184048.0
2025-02-11 14:00:00,600110,2025-02-11,14:00:00,15,4.0,4.01,3.99,4.0,552500,2208816.0
2025-02-11 14:15:00,600110,2025-02-11,14:15:00,15,4.0,4.01,3.99,4.01,549300,2194952.0
2025-02-11 14:30:00,600110,2025-02-11,14:30:00,15,4.01,4.01,3.99,4.01,461400,1845976.0
2025-02-11 14:45:00,600110,2025-02-11,14:45:00,15,4.01,4.01,3.99,4.0,720200,2880952.0
2025-02-11 15:00:00,600110,2025-02-11,15:00:00,15,4.0,4.01,3.99,4.01,1197800,4791680.0
2025-02-12 09:45:00,600110,2025-02-12,09:45:00,15,4.01,4.07,4.0,4.05,3435700,13895344.0
2025-02-12 10:00:00,600110,2025-02-12,10:00:00,15,4.05,4.06,4.03,4.04,1572400,6354577.0
2025-02-12 10:15:00,600110,2025-02-12,10:15:00,15,4.04,4.05,4.03,4.04,1013200,4090226.0
2025-02-12 10:30:00,600110,2025-02-12,10:30:00,15,4.04,4.07,4.02,4.07,2211200,8940174.0
2025-02-12 10:45:00,600110,2025-02-12,10:45:00,15,4.07,4.07,4.06,4.07,779200,3167660.0
2025-02-12 11:00:00,600110,2025-02-12,11:00:00,15,4.07,4.07,4.05,4.06,680500,2762560.0
2025-02-12 11:15:00,600110,2025-02-12,11:15:00,15,4.06,4.07,4.05,4.06,1102300,4474064.0
2025-02-12 11:30:00,600110,2025-02-12,11:30:00,15,4.06,4.06,4.03,4.03,631500,2553344.0
2025-02-12 13:15:00,600110,2025-02-12,13:15:00,15,4.03,4.03,4.02,4.02,1015200,4085036.0
2025-02-12 13:30:00,600110,2025-02-12,13:30:00,15,4.02,4.04,4.01,4.03,1056600,4253848.0
2025-02-12 13:45:00,600110,2025-02-12,13:45:00,15,4.04,4.05,4.03,4.04,467800,1890608.0
2025-02-12 14:00:00,600110,2025-02-12,14:00:00,15,4.04,4.05,4.04,4.05,236400,955680.0
2025-02-12 14:15:00,600110,2025-02-12,14:15:00,15,4.05,4.06,4.04,4.06,586400,2373744.0
2025-02-12 14:30:00,600110,2025-02-12,14:30:00,15,4.06,4.1,4.05,4.08,3963100,16175956.0
2025-02-12 14:45:00,600110,2025-02-12,14:45:00,15,4.08,4.09,4.07,4.08,1005900,4101632.0
2025-02-12 15:00:00,600110,2025-02-12,15:00:00,15,4.08,4.1,4.08,4.1,1807400,7389296.0
2025-02-13 09:45:00,600110,2025-02-13,09:45:00,15,4.1,4.12,4.07,4.07,4192000,17155047.0
2025-02-13 10:00:00,600110,2025-02-13,10:00:00,15,4.07,4.12,4.06,4.11,2752100,11265202.0
2025-02-13 10:15:00,600110,2025-02-13,10:15:00,15,4.11,4.12,4.09,4.1,1692800,6950624.0
2025-02-13 10:30:00,600110,2025-02-13,10:30:00,15,4.1,4.12,4.09,4.11,1240700,5094944.0
2025-02-13 10:45:00,600110,2025-02-13,10:45:00,15,4.11,4.11,4.08,4.08,1008200,4123956.0
2025-02-13 11:00:00,600110,2025-02-13,11:00:00,15,4.08,4.09,4.07,4.09,394100,1608172.0
2025-02-13 11:15:00,600110,2025-02-13,11:15:00,15,4.09,4.09,4.07,4.09,509100,2077472.0
2025-02-13 11:30:00,600110,2025-02-13,11:30:00,15,4.09,4.09,4.07,4.07,521500,2127908.0
2025-02-13 13:15:00,600110,2025-02-13,13:15:00,15,4.07,4.09,4.07,4.08,552000,2249800.0
2025-02-13 13:30:00,600110,2025-02-13,13:30:00,15,4.09,4.09,4.08,4.08,294700,1203236.0
2025-02-13 13:45:00,600110,2025-02-13,13:45:00,15,4.08,4.1,4.08,4.09,965700,3948112.0
2025-02-13 14:00:00,600110,2025-02-13,14:00:00,15,4.09,4.1,4.08,4.09,612000,2502348.0
2025-02-13 14:15:00,600110,2025-02-13,14:15:00,15,4.08,4.1,4.08,4.09,460100,1881028.0
2025-02-13 14:30:00,600110,2025-02-13,14:30:00,15,4.09,4.1,4.07,4.07,881200,3595808.0
2025-02-13 14:45:00,600110,2025-02-13,14:45:00,15,4.07,4.07,4.05,4.05,1340800,5446408.0
2025-02-13 15:00:00,600110,2025-02-13,15:00:00,15,4.06,4.07,4.05,4.06,1501400,6095872.0
2025-02-14 09:45:00,600110,2025-02-14,09:45:00,15,4.05,4.14,4.04,4.12,4877100,20046132.0
2025-02-14 10:00:00,600110,2025-02-14,10:00:00,15,4.12,4.12,4.08,4.09,1719400,7040230.0
2025-02-14 10:15:00,600110,2025-02-14,10:15:00,15,4.1,4.11,4.08,4.1,1370000,5619784.0
2025-02-14 10:30:00,600110,2025-02-14,10:30:00,15,4.1,4.1,4.08,4.08,719400,2942686.0
2025-02-14 10:45:00,600110,2025-02-14,10:45:00,15,4.08,4.09,4.07,4.07,613500,2502348.0
2025-02-14 11:00:00,600110,2025-02-14,11:00:00,15,4.07,4.11,4.07,4.07,3755800,15354600.0
2025-02-14 11:15:00,600110,2025-02-14,11:15:00,15,4.07,4.08,4.06,4.06,1187100,4827652.0
2025-02-14 11:30:00,600110,2025-02-14,11:30:00,15,4.06,4.07,4.05,4.06,829400,3367696.0
2025-02-14 13:15:00,600110,2025-02-14,13:15:00,15,4.06,4.07,4.05,4.06,1129200,4582412.0
2025-02-14 13:30:00,600110,2025-02-14,13:30:00,15,4.06,4.06,4.05,4.05,466000,1890388.0
2025-02-14 13:45:00,600110,2025-02-14,13:45:00,15,4.05,4.07,4.04,4.04,1408800,5707632.0
2025-02-14 14:00:00,600110,2025-02-14,14:00:00,15,4.05,4.06,4.03,4.04,1614000,6524520.0
2025-02-14 14:15:00,600110,2025-02-14,14:15:00,15,4.04,4.05,4.03,4.04,674200,2721704.0
2025-02-14 14:30:00,600110,2025-02-14,14:30:00,15,4.04,4.05,4.03,4.03,1085300,4379936.0
2025-02-14 14:45:00,600110,2025-02-14,14:45:00,15,4.04,4.05,4.03,4.05,798500,3227760.0
2025-02-14 15:00:00,600110,2025-02-14,15:00:00,15,4.05,4.05,4.03,4.04,1635200,6605936.0
2025-02-17 09:45:00,600110,2025-02-17,09:45:00,15,4.06,4.07,4.02,4.02,3177000,12817669.0
2025-02-17 10:00:00,600110,2025-02-17,10:00:00,15,4.02,4.04,4.0,4.0,2925700,11761276.0
2025-02-17 10:15:00,600110,2025-02-17,10:15:00,15,4.0,4.01,3.99,4.0,1830000,7310138.0
2025-02-17 10:30:00,600110,2025-02-17,10:30:00,15,4.0,4.02,3.99,4.01,1424100,5698260.0
2025-02-17 10:45:00,600110,2025-02-17,10:45:00,15,4.01,4.04,4.01,4.03,1300500,5238328.0
2025-02-17 11:00:00,600110,2025-02-17,11:00:00,15,4.03,4.05,4.02,4.04,1111900,4487012.0
2025-02-17 11:15:00,600110,2025-02-17,11:15:00,15,4.04,4.04,4.01,4.02,642300,2582200.0
2025-02-17 11:30:00,600110,2025-02-17,11:30:00,15,4.02,4.03,4.01,4.01,452400,1816588.0
2025-02-17 13:15:00,600110,2025-02-17,13:15:00,15,4.01,4.03,4.0,4.01,1414600,5672588.0
2025-02-17 13:30:00,600110,2025-02-17,13:30:00,15,4.01,4.02,4.0,4.0,703900,2822560.0
2025-02-17 13:45:00,600110,2025-02-17,13:45:00,15,4.0,4.01,3.99,3.99,943400,3772724.0
2025-02-17 14:00:00,600110,2025-02-17,14:00:00,15,3.99,4.0,3.99,4.0,397500,1587880.0
2025-02-17 14:15:00,600110,2025-02-17,14:15:00,15,4.0,4.01,3.99,4.01,863500,3454052.0
2025-02-17 14:30:00,600110,2025-02-17,14:30:00,15,4.01,4.02,4.0,4.01,959800,3844552.0
2025-02-17 14:45:00,600110,2025-02-17,14:45:00,15,4.01,4.01,3.99,4.0,904800,3621280.0
2025-02-17 15:00:00,600110,2025-02-17,15:00:00,15,4.0,4.02,4.0,4.01,1592400,6378464.0
2025-02-18 09:45:00,600110,2025-02-18,09:45:00,15,4.01,4.08,3.99,4.07,5020500,20309888.0
2025-02-18 10:00:00,600110,2025-02-18,10:00:00,15,4.06,4.1,4.06,4.06,5234800,21347898.0
2025-02-18 10:15:00,600110,2025-02-18,10:15:00,15,4.06,4.08,4.04,4.05,1914600,7769408.0
2025-02-18 10:30:00,600110,2025-02-18,10:30:00,15,4.05,4.08,4.04,4.07,1211200,4918496.0
2025-02-18 10:45:00,600110,2025-02-18,10:45:00,15,4.07,4.08,4.05,4.06,1189600,4836164.0
2025-02-18 11:00:00,600110,2025-02-18,11:00:00,15,4.05,4.06,4.04,4.05,941300,3810364.0
2025-02-18 11:15:00,600110,2025-02-18,11:15:00,15,4.05,4.06,4.04,4.06,492400,1994064.0
2025-02-18 11:30:00,600110,2025-02-18,11:30:00,15,4.05,4.06,4.05,4.05,476000,1930748.0
2025-02-18 13:15:00,600110,2025-02-18,13:15:00,15,4.06,4.06,4.04,4.05,1012100,4098412.0
2025-02-18 13:30:00,600110,2025-02-18,13:30:00,15,4.05,4.06,4.03,4.04,1025400,4149232.0
2025-02-18 13:45:00,600110,2025-02-18,13:45:00,15,4.04,4.04,4.02,4.02,923900,3724216.0
2025-02-18 14:00:00,600110,2025-02-18,14:00:00,15,4.02,4.03,4.01,4.02,727000,2923752.0
2025-02-18 14:15:00,600110,2025-02-18,14:15:00,15,4.02,4.02,4.0,4.01,1629000,6530984.0
2025-02-18 14:30:00,600110,2025-02-18,14:30:00,15,4.01,4.01,3.98,3.99,1697400,6781024.0
2025-02-18 14:45:00,600110,2025-02-18,14:45:00,15,4.0,4.0,3.97,3.98,1821100,7251416.0
2025-02-18 15:00:00,600110,2025-02-18,15:00:00,15,3.99,4.0,3.98,3.98,1676600,6685888.0
2025-02-19 09:45:00,600110,2025-02-19,09:45:00,15,3.98,4.01,3.94,4.0,3189300,12672022.0
2025-02-19 10:00:00,600110,2025-02-19,10:00:00,15,4.0,4.0,3.97,3.99,1698900,6771624.0
2025-02-19 10:15:00,600110,2025-02-19,10:15:00,15,3.99,4.02,3.98,4.02,1293800,5173296.0
2025-02-19 10:30:00,600110,2025-02-19,10:30:00,15,4.02,4.02,4.0,4.01,1252700,5025208.0
2025-02-19 10:45:00,600110,2025-02-19,10:45:00,15,4.02,4.02,4.0,4.02,1219300,4893384.0
2025-02-19 11:00:00,600110,2025-02-19,11:00:00,15,4.02,4.02,4.0,4.02,542500,2174544.0
2025-02-19 11:15:00,600110,2025-02-19,11:15:00,15,4.01,4.02,3.99,4.02,778400,3118216.0
2025-02-19 11:30:00,600110,2025-02-19,11:30:00,15,4.01,4.03,4.01,4.02,932900,3749504.0
2025-02-19 13:15:00,600110,2025-02-19,13:15:00,15,4.01,4.02,4.0,4.02,890500,3571936.0
2025-02-19 13:30:00,600110,2025-02-19,13:30:00,15,4.02,4.02,4.0,4.01,552100,2213348.0
2025-02-19 13:45:00,600110,2025-02-19,13:45:00,15,4.01,4.01,4.0,4.0,1049500,4200004.0
2025-02-19 14:00:00,600110,2025-02-19,14:00:00,15,3.99,4.01,3.99,4.0,1312900,5243748.0
2025-02-19 14:15:00,600110,2025-02-19,14:15:00,15,4.0,4.02,4.0,4.02,830900,3335552.0
2025-02-19 14:30:00,600110,2025-02-19,14:30:00,15,4.02,4.02,4.01,4.01,429500,1723844.0
2025-02-19 14:45:00,600110,2025-02-19,14:45:00,15,4.01,4.03,4.01,4.02,1125600,4524056.0
2025-02-19 15:00:00,600110,2025-02-19,15:00:00,15,4.02,4.03,4.01,4.03,1303600,5243680.0
2025-02-20 09:45:00,600110,2025-02-20,09:45:00,15,4.06,4.2,4.02,4.2,14001100,57531680.0
2025-02-20 10:00:00,600110,2025-02-20,10:00:00,15,4.21,4.38,4.19,4.35,22204600,95466752.0
2025-02-20 10:15:00,600110,2025-02-20,10:15:00,15,4.35,4.43,4.24,4.41,23986700,104777072.0
2025-02-20 10:30:00,600110,2025-02-20,10:30:00,15,4.41,4.41,4.33,4.34,6425200,28126720.0
2025-02-20 10:45:00,600110,2025-02-20,10:45:00,15,4.34,4.34,4.31,4.33,3238600,14011424.0
2025-02-20 11:00:00,600110,2025-02-20,11:00:00,15,4.33,4.33,4.29,4.29,2310500,9944480.0
2025-02-20 11:15:00,600110,2025-02-20,11:15:00,15,4.29,4.3,4.25,4.3,2838100,12146048.0
2025-02-20 11:30:00,600110,2025-02-20,11:30:00,15,4.3,4.3,4.26,4.29,1870700,8008928.0
2025-02-20 13:15:00,600110,2025-02-20,13:15:00,15,4.29,4.29,4.27,4.28,1970900,8439744.0
2025-02-20 13:30:00,600110,2025-02-20,13:30:00,15,4.29,4.29,4.26,4.27,1814200,7754880.0
2025-02-20 13:45:00,600110,2025-02-20,13:45:00,15,4.27,4.29,4.27,4.28,1506800,6458240.0
2025-02-20 14:00:00,600110,2025-02-20,14:00:00,15,4.28,4.36,4.28,4.34,4760000,20590944.0
2025-02-20 14:15:00,600110,2025-02-20,14:15:00,15,4.34,4.34,4.3,4.34,1879700,8126816.0
2025-02-20 14:30:00,600110,2025-02-20,14:30:00,15,4.33,4.37,4.32,4.37,3066700,13338528.0
2025-02-20 14:45:00,600110,2025-02-20,14:45:00,15,4.36,4.38,4.35,4.36,4880700,21287232.0
2025-02-20 15:00:00,600110,2025-02-20,15:00:00,15,4.35,4.37,4.35,4.37,7281100,31759136.0
2025-02-21 09:45:00,600110,2025-02-21,09:45:00,15,4.37,4.45,4.32,4.32,19680700,86331520.0
2025-02-21 10:00:00,600110,2025-02-21,10:00:00,15,4.32,4.46,4.32,4.32,10448600,45837352.0
2025-02-21 10:15:00,600110,2025-02-21,10:15:00,15,4.33,4.38,4.33,4.37,3413400,14832952.0
2025-02-21 10:30:00,600110,2025-02-21,10:30:00,15,4.37,4.39,4.35,4.37,2418900,10578608.0
2025-02-21 10:45:00,600110,2025-02-21,10:45:00,15,4.37,4.4,4.37,4.38,2672700,11730656.0
2025-02-21 11:00:00,600110,2025-02-21,11:00:00,15,4.38,4.48,4.38,4.45,7982600,35386448.0
2025-02-21 11:15:00,600110,2025-02-21,11:15:00,15,4.45,4.45,4.4,4.42,2668300,11798352.0
2025-02-21 11:30:00,600110,2025-02-21,11:30:00,15,4.42,4.49,4.41,4.48,5222000,23258112.0
2025-02-21 13:15:00,600110,2025-02-21,13:15:00,15,4.48,4.5,4.45,4.48,5673500,25401680.0
2025-02-21 13:30:00,600110,2025-02-21,13:30:00,15,4.48,4.48,4.43,4.44,2358800,10500672.0
2025-02-21 13:45:00,600110,2025-02-21,13:45:00,15,4.44,4.44,4.41,4.41,2704700,11964224.0
2025-02-21 14:00:00,600110,2025-02-21,14:00:00,15,4.41,4.43,4.41,4.41,2130100,9412032.0
2025-02-21 14:15:00,600110,2025-02-21,14:15:00,15,4.41,4.42,4.4,4.42,2167000,9557952.0
2025-02-21 14:30:00,600110,2025-02-21,14:30:00,15,4.41,4.42,4.38,4.38,4600500,20225920.0
2025-02-21 14:45:00,600110,2025-02-21,14:45:00,15,4.38,4.41,4.38,4.4,3056300,13435360.0
2025-02-21 15:00:00,600110,2025-02-21,15:00:00,15,4.4,4.42,4.38,4.4,6115000,26905664.0
2025-02-24 09:45:00,600110,2025-02-24,09:45:00,15,4.38,4.39,4.29,4.33,9868900,42635648.0
2025-02-24 10:00:00,600110,2025-02-24,10:00:00,15,4.33,4.33,4.3,4.33,3902800,16829148.0
2025-02-24 10:15:00,600110,2025-02-24,10:15:00,15,4.33,4.35,4.3,4.34,2710900,11722316.0
2025-02-24 10:30:00,600110,2025-02-24,10:30:00,15,4.34,4.36,4.33,4.34,1744000,7580280.0
2025-02-24 10:45:00,600110,2025-02-24,10:45:00,15,4.34,4.36,4.33,4.35,1438400,6255224.0
2025-02-24 11:00:00,600110,2025-02-24,11:00:00,15,4.35,4.4,4.35,4.38,2327900,10179728.0
2025-02-24 11:15:00,600110,2025-02-24,11:15:00,15,4.39,4.42,4.38,4.39,3656300,16099928.0
2025-02-24 11:30:00,600110,2025-02-24,11:30:00,15,4.39,4.4,4.36,4.37,1884800,8250640.0
2025-02-24 13:15:00,600110,2025-02-24,13:15:00,15,4.37,4.37,4.34,4.35,1086100,4729064.0
2025-02-24 13:30:00,600110,2025-02-24,13:30:00,15,4.36,4.36,4.34,4.34,697100,3031216.0
2025-02-24 13:45:00,600110,2025-02-24,13:45:00,15,4.34,4.36,4.33,4.35,968100,4207296.0
2025-02-24 14:00:00,600110,2025-02-24,14:00:00,15,4.35,4.36,4.33,4.33,833100,3623104.0
2025-02-24 14:15:00,600110,2025-02-24,14:15:00,15,4.34,4.34,4.32,4.33,2014700,8719408.0
2025-02-24 14:30:00,600110,2025-02-24,14:30:00,15,4.34,4.36,4.33,4.36,1820200,7904848.0
2025-02-24 14:45:00,600110,2025-02-24,14:45:00,15,4.36,4.37,4.33,4.34,2823600,12274736.0
2025-02-24 15:00:00,600110,2025-02-24,15:00:00,15,4.34,4.35,4.33,4.35,1637900,7115552.0
2025-02-25 09:45:00,600110,2025-02-25,09:45:00,15,4.35,4.4,4.3,4.37,6386400,27826115.0
2025-02-25 10:00:00,600110,2025-02-25,10:00:00,15,4.36,4.39,4.35,4.39,2694700,11781580.0
2025-02-25 10:15:00,600110,2025-02-25,10:15:00,15,4.39,4.4,4.37,4.37,2744600,12043180.0
2025-02-25 10:30:00,600110,2025-02-25,10:30:00,15,4.37,4.38,4.36,4.38,907400,3966860.0
2025-02-25 10:45:00,600110,2025-02-25,10:45:00,15,4.38,4.38,4.36,4.37,867900,3794648.0
2025-02-25 11:00:00,600110,2025-02-25,11:00:00,15,4.36,4.39,4.36,4.39,1042100,4564644.0
2025-02-25 11:15:00,600110,2025-02-25,11:15:00,15,4.39,4.4,4.37,4.38,634900,2781576.0
2025-02-25 11:30:00,600110,2025-02-25,11:30:00,15,4.38,4.39,4.36,4.38,1535000,6712168.0
2025-02-25 13:15:00,600110,2025-02-25,13:15:00,15,4.39,4.44,4.39,4.44,6159900,27192712.0
2025-02-25 13:30:00,600110,2025-02-25,13:30:00,15,4.44,4.45,4.42,4.44,2546500,11306464.0
2025-02-25 13:45:00,600110,2025-02-25,13:45:00,15,4.44,4.44,4.41,4.42,1334800,5906640.0
2025-02-25 14:00:00,600110,2025-02-25,14:00:00,15,4.42,4.42,4.39,4.39,1149700,5068616.0
2025-02-25 14:15:00,600110,2025-02-25,14:15:00,15,4.39,4.41,4.39,4.41,1270900,5590864.0
2025-02-25 14:30:00,600110,2025-02-25,14:30:00,15,4.41,4.41,4.39,4.39,1545400,6800352.0
2025-02-25 14:45:00,600110,2025-02-25,14:45:00,15,4.39,4.4,4.38,4.39,2665600,11696624.0
2025-02-25 15:00:00,600110,2025-02-25,15:00:00,15,4.39,4.4,4.37,4.4,3115600,13668672.0
2025-02-26 09:45:00,600110,2025-02-26,09:45:00,15,4.4,4.48,4.4,4.41,5452600,24222683.0
2025-02-26 10:00:00,600110,2025-02-26,10:00:00,15,4.41,4.46,4.41,4.45,2445900,10858940.0
2025-02-26 10:15:00,600110,2025-02-26,10:15:00,15,4.45,4.46,4.43,4.45,1880400,8357776.0
2025-02-26 10:30:00,600110,2025-02-26,10:30:00,15,4.45,4.48,4.45,4.46,3016600,13478316.0
2025-02-26 10:45:00,600110,2025-02-26,10:45:00,15,4.46,4.46,4.43,4.43,1575000,6990856.0
2025-02-26 11:00:00,600110,2025-02-26,11:00:00,15,4.43,4.46,4.42,4.45,1136600,5046012.0
2025-02-26 11:15:00,600110,2025-02-26,11:15:00,15,4.45,4.46,4.44,4.44,1211700,5391520.0
2025-02-26 11:30:00,600110,2025-02-26,11:30:00,15,4.44,4.45,4.42,4.43,1071200,4750328.0
2025-02-26 13:15:00,600110,2025-02-26,13:15:00,15,4.44,4.45,4.42,4.44,2492700,11054664.0
2025-02-26 13:30:00,600110,2025-02-26,13:30:00,15,4.44,4.44,4.43,4.44,818100,3627952.0
2025-02-26 13:45:00,600110,2025-02-26,13:45:00,15,4.43,4.44,4.41,4.42,2211800,9770904.0
2025-02-26 14:00:00,600110,2025-02-26,14:00:00,15,4.42,4.43,4.41,4.42,809000,3573808.0
2025-02-26 14:15:00,600110,2025-02-26,14:15:00,15,4.42,4.42,4.4,4.42,1482500,6536848.0
2025-02-26 14:30:00,600110,2025-02-26,14:30:00,15,4.42,4.42,4.4,4.41,1278100,5633104.0
2025-02-26 14:45:00,600110,2025-02-26,14:45:00,15,4.4,4.42,4.4,4.4,2435000,10738456.0
2025-02-26 15:00:00,600110,2025-02-26,15:00:00,15,4.4,4.42,4.4,4.41,2587600,11412440.0
2025-02-27 09:45:00,600110,2025-02-27,09:45:00,15,4.43,4.47,4.4,4.44,4516400,20042300.0
2025-02-27 10:00:00,600110,2025-02-27,10:00:00,15,4.44,4.47,4.43,4.45,3693200,16427528.0
2025-02-27 10:15:00,600110,2025-02-27,10:15:00,15,4.45,4.48,4.44,4.46,4929200,21996656.0
2025-02-27 10:30:00,600110,2025-02-27,10:30:00,15,4.46,4.47,4.43,4.47,2204300,9808080.0
2025-02-27 10:45:00,600110,2025-02-27,10:45:00,15,4.47,4.47,4.44,4.47,2456400,10950328.0
2025-02-27 11:00:00,600110,2025-02-27,11:00:00,15,4.47,4.49,4.45,4.47,7000200,31297544.0
2025-02-27 11:15:00,600110,2025-02-27,11:15:00,15,4.47,4.47,4.44,4.44,2117000,9428312.0
2025-02-27 11:30:00,600110,2025-02-27,11:30:00,15,4.44,4.46,4.43,4.46,1746100,7760640.0
2025-02-27 13:15:00,600110,2025-02-27,13:15:00,15,4.46,4.46,4.43,4.44,2337300,10392608.0
2025-02-27 13:30:00,600110,2025-02-27,13:30:00,15,4.44,4.49,4.44,4.47,2778800,12424336.0
2025-02-27 13:45:00,600110,2025-02-27,13:45:00,15,4.47,4.48,4.45,4.45,1140700,5090192.0
2025-02-27 14:00:00,600110,2025-02-27,14:00:00,15,4.45,4.48,4.45,4.48,1396500,6234288.0
2025-02-27 14:15:00,600110,2025-02-27,14:15:00,15,4.48,4.49,4.46,4.49,2164600,9696704.0
2025-02-27 14:30:00,600110,2025-02-27,14:30:00,15,4.49,4.49,4.47,4.49,1701700,7630240.0
2025-02-27 14:45:00,600110,2025-02-27,14:45:00,15,4.49,4.5,4.48,4.48,2663200,11952272.0
2025-02-27 15:00:00,600110,2025-02-27,15:00:00,15,4.49,4.5,4.48,4.5,3410500,15333968.0
2025-02-28 09:45:00,600110,2025-02-28,09:45:00,15,4.5,4.5,4.4,4.42,8690900,38457332.0
2025-02-28 10:00:00,600110,2025-02-28,10:00:00,15,4.43,4.47,4.42,4.44,4070000,18080280.0
2025-02-28 10:15:00,600110,2025-02-28,10:15:00,15,4.44,4.45,4.41,4.41,2545900,11257400.0
2025-02-28 10:30:00,600110,2025-02-28,10:30:00,15,4.41,4.43,4.41,4.43,1458800,6442936.0
2025-02-28 10:45:00,600110,2025-02-28,10:45:00,15,4.42,4.42,4.4,4.4,1609200,7101224.0
2025-02-28 11:00:00,600110,2025-02-28,11:00:00,15,4.4,4.41,4.37,4.38,3890000,17080096.0
2025-02-28 11:15:00,600110,2025-02-28,11:15:00,15,4.39,4.39,4.37,4.37,1915400,8385296.0
2025-02-28 11:30:00,600110,2025-02-28,11:30:00,15,4.38,4.39,4.37,4.38,993000,4344400.0
2025-02-28 13:15:00,600110,2025-02-28,13:15:00,15,4.37,4.38,4.36,4.36,1691100,7390816.0
2025-02-28 13:30:00,600110,2025-02-28,13:30:00,15,4.36,4.37,4.35,4.37,2107300,9192912.0
2025-02-28 13:45:00,600110,2025-02-28,13:45:00,15,4.37,4.38,4.35,4.36,1806700,7881600.0
2025-02-28 14:00:00,600110,2025-02-28,14:00:00,15,4.36,4.39,4.35,4.36,1307600,5712400.0
2025-02-28 14:15:00,600110,2025-02-28,14:15:00,15,4.37,4.37,4.32,4.33,1920400,8339232.0
2025-02-28 14:30:00,600110,2025-02-28,14:30:00,15,4.33,4.34,4.31,4.33,2107400,9110176.0
2025-02-28 14:45:00,600110,2025-02-28,14:45:00,15,4.33,4.34,4.3,4.32,2853000,12317232.0
2025-02-28 15:00:00,600110,2025-02-28,15:00:00,15,4.32,4.33,4.3,4.33,3915300,16904464.0
2025-03-03 09:45:00,600110,2025-03-03,09:45:00,15,4.33,4.49,4.33,4.47,9552200,42133250.0
2025-03-03 10:00:00,600110,2025-03-03,10:00:00,15,4.47,4.48,4.44,4.47,7229600,32319664.0
2025-03-03 10:15:00,600110,2025-03-03,10:15:00,15,4.46,4.5,4.46,4.48,6107200,27386432.0
2025-03-03 10:30:00,600110,2025-03-03,10:30:00,15,4.49,4.5,4.47,4.5,2546200,11428296.0
2025-03-03 10:45:00,600110,2025-03-03,10:45:00,15,4.5,4.5,4.47,4.49,1862600,8347136.0
2025-03-03 11:00:00,600110,2025-03-03,11:00:00,15,4.49,4.51,4.47,4.47,4858700,21839488.0
2025-03-03 11:15:00,600110,2025-03-03,11:15:00,15,4.47,4.49,4.46,4.49,2137100,9574592.0
2025-03-03 11:30:00,600110,2025-03-03,11:30:00,15,4.48,4.49,4.46,4.48,1404100,6288816.0
2025-03-03 13:15:00,600110,2025-03-03,13:15:00,15,4.46,4.51,4.46,4.51,2119700,9522976.0
2025-03-03 13:30:00,600110,2025-03-03,13:30:00,15,4.51,4.51,4.48,4.49,1604100,7211824.0
2025-03-03 13:45:00,600110,2025-03-03,13:45:00,15,4.49,4.49,4.45,4.47,1561600,6971776.0
2025-03-03 14:00:00,600110,2025-03-03,14:00:00,15,4.46,4.47,4.43,4.45,1715800,7623696.0
2025-03-03 14:15:00,600110,2025-03-03,14:15:00,15,4.45,4.45,4.43,4.43,851300,3777472.0
2025-03-03 14:30:00,600110,2025-03-03,14:30:00,15,4.44,4.44,4.43,4.44,1160800,5147856.0
2025-03-03 14:45:00,600110,2025-03-03,14:45:00,15,4.44,4.44,4.41,4.42,2842700,12580624.0
2025-03-03 15:00:00,600110,2025-03-03,15:00:00,15,4.42,4.43,4.41,4.43,2653500,11725392.0
2025-03-04 09:45:00,600110,2025-03-04,09:45:00,15,4.4,4.4,4.31,4.33,7019900,30519678.0
2025-03-04 10:00:00,600110,2025-03-04,10:00:00,15,4.33,4.35,4.31,4.31,3662800,15837394.0
2025-03-04 10:15:00,600110,2025-03-04,10:15:00,15,4.31,4.33,4.3,4.32,2787900,12027124.0
2025-03-04 10:30:00,600110,2025-03-04,10:30:00,15,4.32,4.33,4.31,4.32,1084300,4682492.0
2025-03-04 10:45:00,600110,2025-03-04,10:45:00,15,4.31,4.33,4.31,4.33,1587800,6856512.0
2025-03-04 11:00:00,600110,2025-03-04,11:00:00,15,4.33,4.33,4.29,4.3,3598300,15495040.0
2025-03-04 11:15:00,600110,2025-03-04,11:15:00,15,4.29,4.31,4.28,4.28,3185200,13659496.0
2025-03-04 11:30:00,600110,2025-03-04,11:30:00,15,4.28,4.3,4.28,4.28,1213900,5201952.0
2025-03-04 13:15:00,600110,2025-03-04,13:15:00,15,4.29,4.32,4.28,4.3,1556400,6696880.0
2025-03-04 13:30:00,600110,2025-03-04,13:30:00,15,4.3,4.32,4.28,4.28,1249000,5370768.0
2025-03-04 13:45:00,600110,2025-03-04,13:45:00,15,4.28,4.31,4.28,4.29,776900,3337792.0
2025-03-04 14:00:00,600110,2025-03-04,14:00:00,15,4.3,4.3,4.28,4.29,1006100,4315104.0
2025-03-04 14:15:00,600110,2025-03-04,14:15:00,15,4.29,4.31,4.28,4.3,1725600,7412176.0
2025-03-04 14:30:00,600110,2025-03-04,14:30:00,15,4.3,4.32,4.3,4.32,652700,2813848.0
2025-03-04 14:45:00,600110,2025-03-04,14:45:00,15,4.32,4.33,4.31,4.32,871100,3762680.0
2025-03-04 15:00:00,600110,2025-03-04,15:00:00,15,4.32,4.33,4.31,4.32,2181100,9428032.0
2025-03-05 09:45:00,600110,2025-03-05,09:45:00,15,4.32,4.35,4.27,4.27,4376300,18854296.0
2025-03-05 10:00:00,600110,2025-03-05,10:00:00,15,4.27,4.29,4.26,4.27,3139200,13407952.0
2025-03-05 10:15:00,600110,2025-03-05,10:15:00,15,4.27,4.28,4.26,4.27,2445800,10432976.0
2025-03-05 10:30:00,600110,2025-03-05,10:30:00,15,4.27,4.31,4.27,4.28,1328200,5696772.0
2025-03-05 10:45:00,600110,2025-03-05,10:45:00,15,4.29,4.3,4.28,4.28,862400,3698412.0
2025-03-05 11:00:00,600110,2025-03-05,11:00:00,15,4.28,4.3,4.28,4.29,835400,3583044.0
2025-03-05 11:15:00,600110,2025-03-05,11:15:00,15,4.29,4.31,4.28,4.29,1813000,7766012.0
2025-03-05 11:30:00,600110,2025-03-05,11:30:00,15,4.29,4.29,4.26,4.28,1408400,6011540.0
2025-03-05 13:15:00,600110,2025-03-05,13:15:00,15,4.28,4.28,4.25,4.26,1254700,5354088.0
2025-03-05 13:30:00,600110,2025-03-05,13:30:00,15,4.25,4.26,4.25,4.25,1060600,4509776.0
2025-03-05 13:45:00,600110,2025-03-05,13:45:00,15,4.26,4.27,4.25,4.26,740000,3152856.0
2025-03-05 14:00:00,600110,2025-03-05,14:00:00,15,4.26,4.3,4.25,4.3,1343200,5745832.0
2025-03-05 14:15:00,600110,2025-03-05,14:15:00,15,4.3,4.3,4.28,4.29,522000,2242072.0
2025-03-05 14:30:00,600110,2025-03-05,14:30:00,15,4.29,4.3,4.28,4.29,1044500,4479680.0
2025-03-05 14:45:00,600110,2025-03-05,14:45:00,15,4.3,4.3,4.28,4.28,1603000,6877744.0
2025-03-05 15:00:00,600110,2025-03-05,15:00:00,15,4.29,4.3,4.28,4.29,2957100,12677456.0
2025-03-06 09:45:00,600110,2025-03-06,09:45:00,15,4.33,4.36,4.3,4.34,4465400,19342867.0
2025-03-06 10:00:00,600110,2025-03-06,10:00:00,15,4.34,4.36,4.34,4.35,2601000,11308742.0
2025-03-06 10:15:00,600110,2025-03-06,10:15:00,15,4.35,4.36,4.33,4.34,2154900,9366712.0
2025-03-06 10:30:00,600110,2025-03-06,10:30:00,15,4.34,4.35,4.33,4.33,870800,3777276.0
2025-03-06 10:45:00,600110,2025-03-06,10:45:00,15,4.33,4.34,4.32,4.32,1427500,6175000.0
2025-03-06 11:00:00,600110,2025-03-06,11:00:00,15,4.32,4.34,4.32,4.33,888700,3847692.0
2025-03-06 11:15:00,600110,2025-03-06,11:15:00,15,4.33,4.34,4.32,4.32,935500,4048872.0
2025-03-06 11:30:00,600110,2025-03-06,11:30:00,15,4.32,4.35,4.32,4.34,1159400,5026804.0
2025-03-06 13:15:00,600110,2025-03-06,13:15:00,15,4.35,4.35,4.33,4.34,1893900,8214672.0
2025-03-06 13:30:00,600110,2025-03-06,13:30:00,15,4.33,4.34,4.32,4.32,1393500,6028928.0
2025-03-06 13:45:00,600110,2025-03-06,13:45:00,15,4.32,4.34,4.32,4.32,953800,4128688.0
2025-03-06 14:00:00,600110,2025-03-06,14:00:00,15,4.33,4.34,4.32,4.33,651500,2819856.0
2025-03-06 14:15:00,600110,2025-03-06,14:15:00,15,4.33,4.34,4.32,4.33,715700,3099880.0
2025-03-06 14:30:00,600110,2025-03-06,14:30:00,15,4.33,4.34,4.33,4.33,537900,2330184.0
2025-03-06 14:45:00,600110,2025-03-06,14:45:00,15,4.34,4.34,4.32,4.33,1086200,4704760.0
2025-03-06 15:00:00,600110,2025-03-06,15:00:00,15,4.33,4.34,4.32,4.34,1779900,7706600.0
2025-03-07 09:45:00,600110,2025-03-07,09:45:00,15,4.32,4.33,4.27,4.28,3579600,15341428.0
2025-03-07 10:00:00,600110,2025-03-07,10:00:00,15,4.28,4.31,4.27,4.27,1731200,7418716.0
2025-03-07 10:15:00,600110,2025-03-07,10:15:00,15,4.27,4.32,4.27,4.31,1886600,8099040.0
2025-03-07 10:30:00,600110,2025-03-07,10:30:00,15,4.32,4.33,4.31,4.32,965900,4171294.0
2025-03-07 10:45:00,600110,2025-03-07,10:45:00,15,4.32,4.33,4.31,4.32,787600,3402640.0
2025-03-07 11:00:00,600110,2025-03-07,11:00:00,15,4.33,4.33,4.3,4.31,1143700,4937560.0
2025-03-07 11:15:00,600110,2025-03-07,11:15:00,15,4.31,4.31,4.29,4.29,1050400,4515092.0
2025-03-07 11:30:00,600110,2025-03-07,11:30:00,15,4.29,4.3,4.28,4.28,745400,3194968.0
2025-03-07 13:15:00,600110,2025-03-07,13:15:00,15,4.28,4.3,4.28,4.28,795600,3411432.0
2025-03-07 13:30:00,600110,2025-03-07,13:30:00,15,4.29,4.29,4.27,4.28,1151100,4929320.0
2025-03-07 13:45:00,600110,2025-03-07,13:45:00,15,4.28,4.28,4.25,4.26,2414500,10307864.0
2025-03-07 14:00:00,600110,2025-03-07,14:00:00,15,4.25,4.27,4.25,4.26,872500,3715224.0
2025-03-07 14:15:00,600110,2025-03-07,14:15:00,15,4.27,4.27,4.24,4.25,1770700,7528824.0
2025-03-07 14:30:00,600110,2025-03-07,14:30:00,15,4.26,4.26,4.24,4.24,1271400,5395608.0
2025-03-07 14:45:00,600110,2025-03-07,14:45:00,15,4.24,4.25,4.23,4.24,1610900,6820960.0
2025-03-07 15:00:00,600110,2025-03-07,15:00:00,15,4.24,4.26,4.23,4.25,1566900,6653496.0
2025-03-10 09:45:00,600110,2025-03-10,09:45:00,15,4.25,4.31,4.25,4.31,4268500,18298574.0
2025-03-10 10:00:00,600110,2025-03-10,10:00:00,15,4.31,4.31,4.27,4.28,2076200,8904488.0
2025-03-10 10:15:00,600110,2025-03-10,10:15:00,15,4.28,4.29,4.26,4.27,1466400,6260460.0
2025-03-10 10:30:00,600110,2025-03-10,10:30:00,15,4.27,4.29,4.25,4.28,1291800,5516840.0
2025-03-10 10:45:00,600110,2025-03-10,10:45:00,15,4.28,4.29,4.26,4.27,1704100,7290708.0
2025-03-10 11:00:00,600110,2025-03-10,11:00:00,15,4.27,4.27,4.25,4.25,771000,3286172.0
2025-03-10 11:15:00,600110,2025-03-10,11:15:00,15,4.25,4.28,4.25,4.26,1345700,5734312.0
2025-03-10 11:30:00,600110,2025-03-10,11:30:00,15,4.26,4.27,4.25,4.25,484800,2064708.0
2025-03-10 13:15:00,600110,2025-03-10,13:15:00,15,4.25,4.26,4.23,4.24,1387400,5889264.0
2025-03-10 13:30:00,600110,2025-03-10,13:30:00,15,4.24,4.25,4.23,4.25,365300,1549188.0
2025-03-10 13:45:00,600110,2025-03-10,13:45:00,15,4.25,4.25,4.23,4.24,1019400,4325184.0
2025-03-10 14:00:00,600110,2025-03-10,14:00:00,15,4.24,4.25,4.23,4.24,664400,2817848.0
2025-03-10 14:15:00,600110,2025-03-10,14:15:00,15,4.24,4.26,4.23,4.26,591700,2512672.0
2025-03-10 14:30:00,600110,2025-03-10,14:30:00,15,4.26,4.27,4.25,4.26,632700,2695200.0
2025-03-10 14:45:00,600110,2025-03-10,14:45:00,15,4.26,4.27,4.25,4.26,869200,3708368.0
2025-03-10 15:00:00,600110,2025-03-10,15:00:00,15,4.26,4.27,4.26,4.26,1155100,4923440.0
2025-03-11 09:45:00,600110,2025-03-11,09:45:00,15,4.24,4.25,4.2,4.2,3943800,16640307.0
2025-03-11 10:00:00,600110,2025-03-11,10:00:00,15,4.2,4.22,4.2,4.21,2094400,8814470.0
2025-03-11 10:15:00,600110,2025-03-11,10:15:00,15,4.21,4.23,4.21,4.21,950500,4008628.0
2025-03-11 10:30:00,600110,2025-03-11,10:30:00,15,4.21,4.23,4.2,4.21,1332800,5619338.0
2025-03-11 10:45:00,600110,2025-03-11,10:45:00,15,4.21,4.22,4.19,4.2,1181600,4967484.0
2025-03-11 11:00:00,600110,2025-03-11,11:00:00,15,4.19,4.21,4.19,4.21,755000,3169164.0
2025-03-11 11:15:00,600110,2025-03-11,11:15:00,15,4.21,4.21,4.18,4.19,1178100,4939800.0
2025-03-11 11:30:00,600110,2025-03-11,11:30:00,15,4.19,4.2,4.18,4.18,496800,2079272.0
2025-03-11 13:15:00,600110,2025-03-11,13:15:00,15,4.19,4.2,4.18,4.19,836800,3505320.0
2025-03-11 13:30:00,600110,2025-03-11,13:30:00,15,4.19,4.22,4.19,4.2,1413200,5940740.0
2025-03-11 13:45:00,600110,2025-03-11,13:45:00,15,4.21,4.21,4.19,4.19,549600,2306852.0
2025-03-11 14:00:00,600110,2025-03-11,14:00:00,15,4.2,4.2,4.18,4.2,351000,1471668.0
2025-03-11 14:15:00,600110,2025-03-11,14:15:00,15,4.2,4.22,4.19,4.21,931400,3917168.0
2025-03-11 14:30:00,600110,2025-03-11,14:30:00,15,4.21,4.22,4.2,4.21,450500,1897520.0
2025-03-11 14:45:00,600110,2025-03-11,14:45:00,15,4.21,4.26,4.21,4.24,2783400,11804936.0
2025-03-11 15:00:00,600110,2025-03-11,15:00:00,15,4.24,4.25,4.23,4.25,1343000,5698400.0
2025-03-12 09:45:00,600110,2025-03-12,09:45:00,15,4.26,4.29,4.25,4.26,2633400,11245454.0
2025-03-12 10:00:00,600110,2025-03-12,10:00:00,15,4.26,4.27,4.24,4.25,1387800,5900356.0
2025-03-12 10:15:00,600110,2025-03-12,10:15:00,15,4.25,4.27,4.25,4.26,1183000,5041002.0
2025-03-12 10:30:00,600110,2025-03-12,10:30:00,15,4.27,4.27,4.24,4.26,1302600,5541076.0
2025-03-12 10:45:00,600110,2025-03-12,10:45:00,15,4.26,4.27,4.25,4.27,886900,3778770.0
2025-03-12 11:00:00,600110,2025-03-12,11:00:00,15,4.26,4.28,4.26,4.28,1053200,4499666.0
2025-03-12 11:15:00,600110,2025-03-12,11:15:00,15,4.27,4.28,4.27,4.28,1076400,4598280.0
2025-03-12 11:30:00,600110,2025-03-12,11:30:00,15,4.28,4.28,4.26,4.28,530500,2264240.0
2025-03-12 13:15:00,600110,2025-03-12,13:15:00,15,4.27,4.28,4.25,4.26,1120800,4779512.0
2025-03-12 13:30:00,600110,2025-03-12,13:30:00,15,4.26,4.28,4.25,4.27,940100,4012248.0
2025-03-12 13:45:00,600110,2025-03-12,13:45:00,15,4.27,4.28,4.26,4.27,648500,2771440.0
2025-03-12 14:00:00,600110,2025-03-12,14:00:00,15,4.27,4.27,4.25,4.27,980500,4179628.0
2025-03-12 14:15:00,600110,2025-03-12,14:15:00,15,4.26,4.28,4.26,4.28,608700,2599336.0
2025-03-12 14:30:00,600110,2025-03-12,14:30:00,15,4.28,4.28,4.25,4.26,1023400,4360372.0
2025-03-12 14:45:00,600110,2025-03-12,14:45:00,15,4.26,4.27,4.25,4.27,792400,3377424.0
2025-03-12 15:00:00,600110,2025-03-12,15:00:00,15,4.27,4.27,4.25,4.26,1380300,5877888.0
2025-03-13 09:45:00,600110,2025-03-13,09:45:00,15,4.25,4.26,4.2,4.2,3300600,13941106.0
2025-03-13 10:00:00,600110,2025-03-13,10:00:00,15,4.2,4.21,4.16,4.17,3768700,15758746.0
2025-03-13 10:15:00,600110,2025-03-13,10:15:00,15,4.16,4.21,4.16,4.18,2673400,11168072.0
2025-03-13 10:30:00,600110,2025-03-13,10:30:00,15,4.18,4.19,4.16,4.16,1289500,5371808.0
2025-03-13 10:45:00,600110,2025-03-13,10:45:00,15,4.16,4.17,4.15,4.16,2231000,9272548.0
2025-03-13 11:00:00,600110,2025-03-13,11:00:00,15,4.16,4.18,4.15,4.18,604600,2516832.0
2025-03-13 11:15:00,600110,2025-03-13,11:15:00,15,4.17,4.18,4.15,4.16,773700,3221212.0
2025-03-13 11:30:00,600110,2025-03-13,11:30:00,15,4.16,4.16,4.14,4.14,1562900,6490168.0
2025-03-13 13:15:00,600110,2025-03-13,13:15:00,15,4.14,4.15,4.13,4.15,1881400,7785984.0
2025-03-13 13:30:00,600110,2025-03-13,13:30:00,15,4.15,4.16,4.13,4.16,1150700,4770912.0
2025-03-13 13:45:00,600110,2025-03-13,13:45:00,15,4.16,4.16,4.13,4.15,636600,2639536.0
2025-03-13 14:00:00,600110,2025-03-13,14:00:00,15,4.14,4.16,4.14,4.15,519100,2152488.0
2025-03-13 14:15:00,600110,2025-03-13,14:15:00,15,4.14,4.15,4.13,4.15,659700,2730824.0
2025-03-13 14:30:00,600110,2025-03-13,14:30:00,15,4.14,4.17,4.14,4.17,993400,4129488.0
2025-03-13 14:45:00,600110,2025-03-13,14:45:00,15,4.17,4.19,4.16,4.18,1135500,4747480.0
2025-03-13 15:00:00,600110,2025-03-13,15:00:00,15,4.18,4.19,4.17,4.17,1051300,4390704.0
2025-03-14 09:45:00,600110,2025-03-14,09:45:00,15,4.19,4.19,4.12,4.14,3865400,16029253.0
2025-03-14 10:00:00,600110,2025-03-14,10:00:00,15,4.14,4.18,4.12,4.18,1866800,7741893.0
2025-03-14 10:15:00,600110,2025-03-14,10:15:00,15,4.18,4.18,4.15,4.17,765900,3188414.0
2025-03-14 10:30:00,600110,2025-03-14,10:30:00,15,4.17,4.2,4.16,4.19,2039800,8531370.0
2025-03-14 10:45:00,600110,2025-03-14,10:45:00,15,4.19,4.21,4.18,4.19,1438000,6034804.0
2025-03-14 11:00:00,600110,2025-03-14,11:00:00,15,4.19,4.21,4.18,4.2,921700,3865824.0
2025-03-14 11:15:00,600110,2025-03-14,11:15:00,15,4.19,4.22,4.19,4.21,1344800,5660092.0
2025-03-14 11:30:00,600110,2025-03-14,11:30:00,15,4.22,4.22,4.21,4.21,1221100,5149100.0
2025-03-14 13:15:00,600110,2025-03-14,13:15:00,15,4.22,4.22,4.21,4.22,1050000,4424024.0
2025-03-14 13:30:00,600110,2025-03-14,13:30:00,15,4.22,4.23,4.21,4.23,1361400,5746340.0
2025-03-14 13:45:00,600110,2025-03-14,13:45:00,15,4.22,4.25,4.22,4.24,1874600,7945232.0
2025-03-14 14:00:00,600110,2025-03-14,14:00:00,15,4.24,4.35,4.24,4.31,8825900,37998320.0
2025-03-14 14:15:00,600110,2025-03-14,14:15:00,15,4.31,4.36,4.29,4.32,6038900,26121824.0
2025-03-14 14:30:00,600110,2025-03-14,14:30:00,15,4.32,4.32,4.29,4.29,1364300,5866784.0
2025-03-14 14:45:00,600110,2025-03-14,14:45:00,15,4.29,4.31,4.29,4.3,2363600,10160608.0
2025-03-14 15:00:00,600110,2025-03-14,15:00:00,15,4.31,4.31,4.3,4.3,2181200,9387440.0
2025-03-17 09:45:00,600110,2025-03-17,09:45:00,15,4.35,4.35,4.26,4.28,4389000,18824634.0
2025-03-17 10:00:00,600110,2025-03-17,10:00:00,15,4.28,4.32,4.28,4.29,2048000,8797754.0
2025-03-17 10:15:00,600110,2025-03-17,10:15:00,15,4.29,4.31,4.28,4.31,958500,4118798.0
2025-03-17 10:30:00,600110,2025-03-17,10:30:00,15,4.31,4.34,4.3,4.32,2616800,11313390.0
2025-03-17 10:45:00,600110,2025-03-17,10:45:00,15,4.32,4.33,4.32,4.32,931800,4027696.0
2025-03-17 11:00:00,600110,2025-03-17,11:00:00,15,4.31,4.31,4.29,4.3,884500,3806180.0
2025-03-17 11:15:00,600110,2025-03-17,11:15:00,15,4.3,4.31,4.29,4.3,668100,2874636.0
2025-03-17 11:30:00,600110,2025-03-17,11:30:00,15,4.3,4.31,4.29,4.3,871300,3747068.0
2025-03-17 13:15:00,600110,2025-03-17,13:15:00,15,4.29,4.35,4.29,4.3,2520700,10897072.0
2025-03-17 13:30:00,600110,2025-03-17,13:30:00,15,4.3,4.31,4.29,4.31,1032700,4441784.0
2025-03-17 13:45:00,600110,2025-03-17,13:45:00,15,4.31,4.32,4.3,4.31,875000,3771760.0
2025-03-17 14:00:00,600110,2025-03-17,14:00:00,15,4.31,4.32,4.3,4.31,719200,3100000.0
2025-03-17 14:15:00,600110,2025-03-17,14:15:00,15,4.32,4.32,4.31,4.32,652300,2813776.0
2025-03-17 14:30:00,600110,2025-03-17,14:30:00,15,4.32,4.32,4.3,4.3,519200,2237352.0
2025-03-17 14:45:00,600110,2025-03-17,14:45:00,15,4.31,4.31,4.29,4.3,1223800,5265440.0
2025-03-17 15:00:00,600110,2025-03-17,15:00:00,15,4.3,4.31,4.3,4.3,964900,4152624.0
2025-03-18 09:45:00,600110,2025-03-18,09:45:00,15,4.31,4.36,4.31,4.36,4312900,18711178.0
2025-03-18 10:00:00,600110,2025-03-18,10:00:00,15,4.36,4.36,4.33,4.34,1853400,8046486.0
2025-03-18 10:15:00,600110,2025-03-18,10:15:00,15,4.34,4.34,4.31,4.31,1802500,7795720.0
2025-03-18 10:30:00,600110,2025-03-18,10:30:00,15,4.3,4.32,4.29,4.3,1393800,5999860.0
2025-03-18 10:45:00,600110,2025-03-18,10:45:00,15,4.3,4.3,4.29,4.3,831200,3566824.0
2025-03-18 11:00:00,600110,2025-03-18,11:00:00,15,4.29,4.3,4.27,4.28,1502700,6435776.0
2025-03-18 11:15:00,600110,2025-03-18,11:15:00,15,4.28,4.29,4.27,4.28,765800,3277636.0
2025-03-18 11:30:00,600110,2025-03-18,11:30:00,15,4.28,4.29,4.27,4.27,412800,1767304.0
2025-03-18 13:15:00,600110,2025-03-18,13:15:00,15,4.28,4.28,4.25,4.25,1812100,7725672.0
2025-03-18 13:30:00,600110,2025-03-18,13:30:00,15,4.25,4.27,4.24,4.26,1324500,5630728.0
2025-03-18 13:45:00,600110,2025-03-18,13:45:00,15,4.26,4.26,4.24,4.25,898600,3819816.0
2025-03-18 14:00:00,600110,2025-03-18,14:00:00,15,4.26,4.26,4.25,4.26,326300,1387600.0
2025-03-18 14:15:00,600110,2025-03-18,14:15:00,15,4.26,4.26,4.24,4.25,802800,3411968.0
2025-03-18 14:30:00,600110,2025-03-18,14:30:00,15,4.25,4.27,4.25,4.26,451600,1924136.0
2025-03-18 14:45:00,600110,2025-03-18,14:45:00,15,4.26,4.27,4.25,4.26,1029900,4382592.0
2025-03-18 15:00:00,600110,2025-03-18,15:00:00,15,4.26,4.26,4.25,4.26,1030700,4388224.0
2025-03-19 09:45:00,600110,2025-03-19,09:45:00,15,4.26,4.26,4.19,4.21,4297400,18074231.0
2025-03-19 10:00:00,600110,2025-03-19,10:00:00,15,4.2,4.22,4.18,4.2,2244200,9427152.0
2025-03-19 10:15:00,600110,2025-03-19,10:15:00,15,4.2,4.21,4.19,4.19,1249800,5244080.0
2025-03-19 10:30:00,600110,2025-03-19,10:30:00,15,4.2,4.2,4.18,4.2,1743300,7295878.0
2025-03-19 10:45:00,600110,2025-03-19,10:45:00,15,4.19,4.2,4.19,4.2,641600,2693576.0
2025-03-19 11:00:00,600110,2025-03-19,11:00:00,15,4.2,4.22,4.2,4.21,641800,2701484.0
2025-03-19 11:15:00,600110,2025-03-19,11:15:00,15,4.21,4.22,4.2,4.22,592200,2494404.0
2025-03-19 11:30:00,600110,2025-03-19,11:30:00,15,4.22,4.23,4.2,4.22,550100,2321132.0
2025-03-19 13:15:00,600110,2025-03-19,13:15:00,15,4.22,4.23,4.2,4.22,465800,1960796.0
2025-03-19 13:30:00,600110,2025-03-19,13:30:00,15,4.22,4.22,4.2,4.21,788100,3317176.0
2025-03-19 13:45:00,600110,2025-03-19,13:45:00,15,4.21,4.21,4.19,4.19,1180800,4953220.0
2025-03-19 14:00:00,600110,2025-03-19,14:00:00,15,4.19,4.19,4.18,4.19,610700,2555316.0
2025-03-19 14:15:00,600110,2025-03-19,14:15:00,15,4.19,4.19,4.18,4.18,363800,1522668.0
2025-03-19 14:30:00,600110,2025-03-19,14:30:00,15,4.18,4.19,4.16,4.17,2436500,10169204.0
2025-03-19 14:45:00,600110,2025-03-19,14:45:00,15,4.17,4.18,4.17,4.18,895800,3737832.0
2025-03-19 15:00:00,600110,2025-03-19,15:00:00,15,4.17,4.19,4.17,4.19,1386600,5801552.0
2025-03-20 09:45:00,600110,2025-03-20,09:45:00,15,4.17,4.19,4.15,4.16,1833300,7629829.0
2025-03-20 10:00:00,600110,2025-03-20,10:00:00,15,4.16,4.19,4.16,4.17,1411800,5886695.0
2025-03-20 10:15:00,600110,2025-03-20,10:15:00,15,4.18,4.19,4.17,4.18,546600,2284457.0
2025-03-20 10:30:00,600110,2025-03-20,10:30:00,15,4.18,4.18,4.16,4.18,990500,4128127.0
2025-03-20 10:45:00,600110,2025-03-20,10:45:00,15,4.18,4.18,4.16,4.18,716400,2989594.0
2025-03-20 11:00:00,600110,2025-03-20,11:00:00,15,4.18,4.18,4.16,4.17,833800,3477040.0
2025-03-20 11:15:00,600110,2025-03-20,11:15:00,15,4.17,4.19,4.16,4.18,757200,3161898.0
2025-03-20 11:30:00,600110,2025-03-20,11:30:00,15,4.18,4.19,4.17,4.18,704900,2943764.0
2025-03-20 13:15:00,600110,2025-03-20,13:15:00,15,4.18,4.18,4.17,4.18,645600,2696368.0
2025-03-20 13:30:00,600110,2025-03-20,13:30:00,15,4.17,4.18,4.16,4.17,815800,3402796.0
2025-03-20 13:45:00,600110,2025-03-20,13:45:00,15,4.17,4.18,4.16,4.17,346400,1443668.0
2025-03-20 14:00:00,600110,2025-03-20,14:00:00,15,4.17,4.17,4.15,4.16,1180900,4912488.0
2025-03-20 14:15:00,600110,2025-03-20,14:15:00,15,4.16,4.17,4.15,4.16,694300,2887812.0
2025-03-20 14:30:00,600110,2025-03-20,14:30:00,15,4.16,4.17,4.15,4.15,557900,2321160.0
2025-03-20 14:45:00,600110,2025-03-20,14:45:00,15,4.16,4.17,4.15,4.15,1661100,6899588.0
2025-03-20 15:00:00,600110,2025-03-20,15:00:00,15,4.15,4.16,4.14,4.15,1756500,7291496.0
2025-03-21 09:45:00,600110,2025-03-21,09:45:00,15,4.12,4.15,4.11,4.14,2372600,9790810.0
2025-03-21 10:00:00,600110,2025-03-21,10:00:00,15,4.14,4.15,4.12,4.12,1526800,6308295.0
2025-03-21 10:15:00,600110,2025-03-21,10:15:00,15,4.12,4.15,4.12,4.14,1269900,5253829.0
2025-03-21 10:30:00,600110,2025-03-21,10:30:00,15,4.14,4.15,4.12,4.13,1292000,5338530.0
2025-03-21 10:45:00,600110,2025-03-21,10:45:00,15,4.13,4.13,4.11,4.13,951600,3921940.0
2025-03-21 11:00:00,600110,2025-03-21,11:00:00,15,4.12,4.13,4.11,4.12,497800,2051262.0
2025-03-21 11:15:00,600110,2025-03-21,11:15:00,15,4.11,4.12,4.1,4.11,1921400,7892222.0
2025-03-21 11:30:00,600110,2025-03-21,11:30:00,15,4.11,4.11,4.08,4.1,1475300,6043880.0
2025-03-21 13:15:00,600110,2025-03-21,13:15:00,15,4.08,4.1,4.07,4.08,1491400,6088692.0
2025-03-21 13:30:00,600110,2025-03-21,13:30:00,15,4.08,4.09,4.07,4.08,1268600,5176068.0
2025-03-21 13:45:00,600110,2025-03-21,13:45:00,15,4.07,4.08,4.06,4.06,1580300,6425960.0
2025-03-21 14:00:00,600110,2025-03-21,14:00:00,15,4.06,4.07,4.05,4.06,1468200,5960928.0
2025-03-21 14:15:00,600110,2025-03-21,14:15:00,15,4.06,4.08,4.05,4.07,1714100,6962296.0
2025-03-21 14:30:00,600110,2025-03-21,14:30:00,15,4.07,4.08,4.05,4.07,705500,2866304.0
2025-03-21 14:45:00,600110,2025-03-21,14:45:00,15,4.07,4.09,4.06,4.08,1004300,4091992.0
2025-03-21 15:00:00,600110,2025-03-21,15:00:00,15,4.08,4.08,4.06,4.07,1091600,4444552.0
2025-03-24 09:45:00,600110,2025-03-24,09:45:00,15,4.11,4.11,4.02,4.03,3047400,12336033.0
2025-03-24 10:00:00,600110,2025-03-24,10:00:00,15,4.03,4.03,4.0,4.02,2414900,9697855.0
2025-03-24 10:15:00,600110,2025-03-24,10:15:00,15,4.02,4.05,4.01,4.05,1448400,5836736.0
2025-03-24 10:30:00,600110,2025-03-24,10:30:00,15,4.05,4.06,4.02,4.03,845300,3412212.0
2025-03-24 10:45:00,600110,2025-03-24,10:45:00,15,4.04,4.04,4.01,4.02,863900,3474480.0
2025-03-24 11:00:00,600110,2025-03-24,11:00:00,15,4.01,4.02,3.99,3.99,2591900,10373580.0
2025-03-24 11:15:00,600110,2025-03-24,11:15:00,15,4.0,4.0,3.99,4.0,691400,2760248.0
2025-03-24 11:30:00,600110,2025-03-24,11:30:00,15,4.0,4.0,3.98,3.99,1081200,4308592.0
2025-03-24 13:15:00,600110,2025-03-24,13:15:00,15,3.99,3.99,3.96,3.97,1995500,7932660.0
2025-03-24 13:30:00,600110,2025-03-24,13:30:00,15,3.97,3.98,3.96,3.98,1149100,4567004.0
2025-03-24 13:45:00,600110,2025-03-24,13:45:00,15,3.98,3.99,3.96,3.96,1437100,5705960.0
2025-03-24 14:00:00,600110,2025-03-24,14:00:00,15,3.97,3.97,3.95,3.96,782300,3095072.0
2025-03-24 14:15:00,600110,2025-03-24,14:15:00,15,3.96,3.96,3.94,3.95,1263600,4988544.0
2025-03-24 14:30:00,600110,2025-03-24,14:30:00,15,3.94,3.97,3.94,3.97,1321600,5224512.0
2025-03-24 14:45:00,600110,2025-03-24,14:45:00,15,3.96,4.0,3.96,4.0,957700,3819208.0
2025-03-24 15:00:00,600110,2025-03-24,15:00:00,15,4.0,4.02,3.99,4.02,1591100,6369680.0
2025-03-25 09:45:00,600110,2025-03-25,09:45:00,15,4.0,4.05,3.98,4.02,2833100,11384126.0
2025-03-25 10:00:00,600110,2025-03-25,10:00:00,15,4.02,4.03,4.01,4.01,1614400,6489006.0
2025-03-25 10:15:00,600110,2025-03-25,10:15:00,15,4.02,4.02,3.98,3.99,1305900,5223076.0
2025-03-25 10:30:00,600110,2025-03-25,10:30:00,15,3.99,4.0,3.97,3.98,1290100,5140610.0
2025-03-25 10:45:00,600110,2025-03-25,10:45:00,15,3.98,3.99,3.98,3.98,320700,1277176.0
2025-03-25 11:00:00,600110,2025-03-25,11:00:00,15,3.99,3.99,3.98,3.98,651200,2595630.0
2025-03-25 11:15:00,600110,2025-03-25,11:15:00,15,3.98,4.0,3.97,3.99,540200,2153360.0
2025-03-25 11:30:00,600110,2025-03-25,11:30:00,15,3.99,3.99,3.96,3.97,822400,3264820.0
2025-03-25 13:15:00,600110,2025-03-25,13:15:00,15,3.97,4.02,3.96,4.02,1197200,4779760.0
2025-03-25 13:30:00,600110,2025-03-25,13:30:00,15,4.01,4.03,4.0,4.02,905100,3635632.0
2025-03-25 13:45:00,600110,2025-03-25,13:45:00,15,4.02,4.03,4.01,4.02,514500,2069920.0
2025-03-25 14:00:00,600110,2025-03-25,14:00:00,15,4.02,4.02,3.99,3.99,531200,2128892.0
2025-03-25 14:15:00,600110,2025-03-25,14:15:00,15,3.99,4.0,3.98,4.0,836200,3340768.0
2025-03-25 14:30:00,600110,2025-03-25,14:30:00,15,4.0,4.01,3.99,4.01,753700,3018292.0
2025-03-25 14:45:00,600110,2025-03-25,14:45:00,15,4.01,4.01,3.99,3.99,838100,3353180.0
2025-03-25 15:00:00,600110,2025-03-25,15:00:00,15,4.0,4.02,3.99,4.02,1183000,4739756.0
2025-03-26 09:45:00,600110,2025-03-26,09:45:00,15,4.01,4.06,3.94,4.04,4310300,17321224.0
2025-03-26 10:00:00,600110,2025-03-26,10:00:00,15,4.05,4.05,4.03,4.04,1271700,5140788.0
2025-03-26 10:15:00,600110,2025-03-26,10:15:00,15,4.04,4.04,4.01,4.01,1053200,4241986.0
2025-03-26 10:30:00,600110,2025-03-26,10:30:00,15,4.02,4.02,4.0,4.02,885800,3553278.0
2025-03-26 10:45:00,600110,2025-03-26,10:45:00,15,4.01,4.02,4.01,4.02,196300,788156.0
2025-03-26 11:00:00,600110,2025-03-26,11:00:00,15,4.02,4.03,4.01,4.03,572400,2302690.0
2025-03-26 11:15:00,600110,2025-03-26,11:15:00,15,4.03,4.03,4.02,4.03,310700,1249646.0
2025-03-26 11:30:00,600110,2025-03-26,11:30:00,15,4.03,4.03,4.01,4.02,659000,2651568.0
2025-03-26 13:15:00,600110,2025-03-26,13:15:00,15,4.02,4.03,4.01,4.02,1012100,4071224.0
2025-03-26 13:30:00,600110,2025-03-26,13:30:00,15,4.02,4.03,4.01,4.01,425100,1708528.0
2025-03-26 13:45:00,600110,2025-03-26,13:45:00,15,4.01,4.02,4.01,4.02,320200,1285900.0
2025-03-26 14:00:00,600110,2025-03-26,14:00:00,15,4.02,4.02,4.01,4.01,506000,2030348.0
2025-03-26 14:15:00,600110,2025-03-26,14:15:00,15,4.01,4.03,4.01,4.03,782300,3142708.0
2025-03-26 14:30:00,600110,2025-03-26,14:30:00,15,4.02,4.03,4.01,4.02,266300,1069960.0
2025-03-26 14:45:00,600110,2025-03-26,14:45:00,15,4.02,4.02,4.0,4.0,968200,3882124.0
2025-03-26 15:00:00,600110,2025-03-26,15:00:00,15,4.01,4.02,4.0,4.01,1148100,4598496.0
2025-03-27 09:45:00,600110,2025-03-27,09:45:00,15,4.0,4.0,3.93,3.94,3767000,14910467.0
2025-03-27 10:00:00,600110,2025-03-27,10:00:00,15,3.95,3.97,3.93,3.96,1601500,6315809.0
2025-03-27 10:15:00,600110,2025-03-27,10:15:00,15,3.96,3.99,3.96,3.98,1651100,6565232.0
2025-03-27 10:30:00,600110,2025-03-27,10:30:00,15,3.98,3.99,3.96,3.98,881600,3502880.0
2025-03-27 10:45:00,600110,2025-03-27,10:45:00,15,3.97,3.99,3.96,3.99,911200,3624632.0
2025-03-27 11:00:00,600110,2025-03-27,11:00:00,15,3.99,4.0,3.97,3.97,1785800,7114208.0
2025-03-27 11:15:00,600110,2025-03-27,11:15:00,15,3.97,3.98,3.96,3.97,642600,2551820.0
2025-03-27 11:30:00,600110,2025-03-27,11:30:00,15,3.96,3.97,3.94,3.95,1543400,6103528.0
2025-03-27 13:15:00,600110,2025-03-27,13:15:00,15,3.94,3.95,3.93,3.95,1218400,4805240.0
2025-03-27 13:30:00,600110,2025-03-27,13:30:00,15,3.95,3.96,3.93,3.95,1131100,4462252.0
2025-03-27 13:45:00,600110,2025-03-27,13:45:00,15,3.95,3.95,3.94,3.94,434800,1715980.0
2025-03-27 14:00:00,600110,2025-03-27,14:00:00,15,3.95,3.96,3.94,3.95,615200,2430144.0
2025-03-27 14:15:00,600110,2025-03-27,14:15:00,15,3.95,3.96,3.94,3.96,412700,1630172.0
2025-03-27 14:30:00,600110,2025-03-27,14:30:00,15,3.96,3.96,3.95,3.95,338400,1337372.0
2025-03-27 14:45:00,600110,2025-03-27,14:45:00,15,3.96,3.96,3.94,3.95,988500,3904304.0
2025-03-27 15:00:00,600110,2025-03-27,15:00:00,15,3.95,3.96,3.94,3.95,731800,2888920.0
2025-03-28 09:45:00,600110,2025-03-28,09:45:00,15,3.95,3.96,3.92,3.93,2310100,9087415.0
2025-03-28 10:00:00,600110,2025-03-28,10:00:00,15,3.94,3.94,3.9,3.9,2484300,9730441.0
2025-03-28 10:15:00,600110,2025-03-28,10:15:00,15,3.9,3.92,3.9,3.91,805300,3150374.0
2025-03-28 10:30:00,600110,2025-03-28,10:30:00,15,3.91,3.92,3.9,3.91,696700,2723912.0
2025-03-28 10:45:00,600110,2025-03-28,10:45:00,15,3.91,3.91,3.88,3.89,2131200,8302552.0
2025-03-28 11:00:00,600110,2025-03-28,11:00:00,15,3.9,3.9,3.87,3.89,1620600,6288500.0
2025-03-28 11:15:00,600110,2025-03-28,11:15:00,15,3.89,3.9,3.87,3.88,1673400,6499856.0
2025-03-28 11:30:00,600110,2025-03-28,11:30:00,15,3.88,3.88,3.86,3.88,1085100,4198672.0
2025-03-28 13:15:00,600110,2025-03-28,13:15:00,15,3.88,3.88,3.86,3.86,961700,3722560.0
2025-03-28 13:30:00,600110,2025-03-28,13:30:00,15,3.87,3.87,3.85,3.86,846700,3269164.0
2025-03-28 13:45:00,600110,2025-03-28,13:45:00,15,3.86,3.89,3.85,3.88,1021900,3953700.0
2025-03-28 14:00:00,600110,2025-03-28,14:00:00,15,3.88,3.89,3.87,3.88,805900,3126456.0
2025-03-28 14:15:00,600110,2025-03-28,14:15:00,15,3.89,3.89,3.86,3.87,949200,3676116.0
2025-03-28 14:30:00,600110,2025-03-28,14:30:00,15,3.87,3.88,3.86,3.87,656000,2538152.0
2025-03-28 14:45:00,600110,2025-03-28,14:45:00,15,3.87,3.87,3.86,3.86,865200,3346032.0
2025-03-28 15:00:00,600110,2025-03-28,15:00:00,15,3.87,3.87,3.86,3.87,1100600,4253488.0
2025-03-31 09:45:00,600110,2025-03-31,09:45:00,15,3.82,3.83,3.73,3.74,7374600,27842688.0
2025-03-31 10:00:00,600110,2025-03-31,10:00:00,15,3.73,3.77,3.73,3.77,2514700,9424352.0
2025-03-31 10:15:00,600110,2025-03-31,10:15:00,15,3.78,3.78,3.74,3.75,1552500,5839016.0
2025-03-31 10:30:00,600110,2025-03-31,10:30:00,15,3.75,3.75,3.72,3.73,1952800,7295712.0
2025-03-31 10:45:00,600110,2025-03-31,10:45:00,15,3.74,3.76,3.73,3.75,1586400,5937096.0
2025-03-31 11:00:00,600110,2025-03-31,11:00:00,15,3.75,3.75,3.74,3.75,786300,2946428.0
2025-03-31 11:15:00,600110,2025-03-31,11:15:00,15,3.74,3.75,3.73,3.74,740000,2771000.0
2025-03-31 11:30:00,600110,2025-03-31,11:30:00,15,3.75,3.75,3.73,3.74,898000,3359044.0
2025-03-31 13:15:00,600110,2025-03-31,13:15:00,15,3.74,3.75,3.73,3.74,2267200,8476928.0
2025-03-31 13:30:00,600110,2025-03-31,13:30:00,15,3.74,3.74,3.72,3.73,1042300,3887512.0
2025-03-31 13:45:00,600110,2025-03-31,13:45:00,15,3.72,3.74,3.71,3.72,1852400,6899960.0
2025-03-31 14:00:00,600110,2025-03-31,14:00:00,15,3.72,3.73,3.71,3.71,557800,2075656.0
2025-03-31 14:15:00,600110,2025-03-31,14:15:00,15,3.71,3.74,3.71,3.74,1586100,5913288.0
2025-03-31 14:30:00,600110,2025-03-31,14:30:00,15,3.74,3.75,3.73,3.74,1352800,5061192.0
2025-03-31 14:45:00,600110,2025-03-31,14:45:00,15,3.74,3.74,3.72,3.74,1442600,5379544.0
2025-03-31 15:00:00,600110,2025-03-31,15:00:00,15,3.73,3.74,3.73,3.74,964800,3604440.0
2025-04-01 09:45:00,600110,2025-04-01,09:45:00,15,3.76,3.8,3.75,3.76,3060000,11536996.0
2025-04-01 10:00:00,600110,2025-04-01,10:00:00,15,3.75,3.8,3.75,3.8,1937200,7327772.0
2025-04-01 10:15:00,600110,2025-04-01,10:15:00,15,3.8,3.82,3.8,3.81,1619300,6171128.0
2025-04-01 10:30:00,600110,2025-04-01,10:30:00,15,3.82,3.82,3.8,3.8,833000,3171480.0
2025-04-01 10:45:00,600110,2025-04-01,10:45:00,15,3.8,3.81,3.79,3.8,922600,3505856.0
2025-04-01 11:00:00,600110,2025-04-01,11:00:00,15,3.8,3.8,3.78,3.78,832100,3157264.0
2025-04-01 11:15:00,600110,2025-04-01,11:15:00,15,3.78,3.8,3.77,3.78,770800,2916524.0
2025-04-01 11:30:00,600110,2025-04-01,11:30:00,15,3.79,3.8,3.78,3.79,429300,1628184.0
2025-04-01 13:15:00,600110,2025-04-01,13:15:00,15,3.79,3.8,3.77,3.79,1124800,4257732.0
2025-04-01 13:30:00,600110,2025-04-01,13:30:00,15,3.78,3.79,3.77,3.79,608900,2301896.0
2025-04-01 13:45:00,600110,2025-04-01,13:45:00,15,3.78,3.79,3.77,3.78,712700,2693436.0
2025-04-01 14:00:00,600110,2025-04-01,14:00:00,15,3.78,3.79,3.78,3.78,343400,1300636.0
2025-04-01 14:15:00,600110,2025-04-01,14:15:00,15,3.79,3.8,3.78,3.8,1154800,4379464.0
2025-04-01 14:30:00,600110,2025-04-01,14:30:00,15,3.79,3.8,3.78,3.79,478900,1816264.0
2025-04-01 14:45:00,600110,2025-04-01,14:45:00,15,3.8,3.8,3.79,3.8,542000,2055328.0
2025-04-01 15:00:00,600110,2025-04-01,15:00:00,15,3.8,3.8,3.78,3.8,930000,3526600.0
2025-04-02 09:45:00,600110,2025-04-02,09:45:00,15,3.79,3.8,3.76,3.79,1875700,7085717.0
2025-04-02 10:00:00,600110,2025-04-02,10:00:00,15,3.79,3.81,3.77,3.8,954900,3618938.0
2025-04-02 10:15:00,600110,2025-04-02,10:15:00,15,3.81,3.81,3.78,3.78,1141500,4336858.0
2025-04-02 10:30:00,600110,2025-04-02,10:30:00,15,3.79,3.8,3.78,3.78,584300,2213767.0
2025-04-02 10:45:00,600110,2025-04-02,10:45:00,15,3.78,3.79,3.77,3.77,848000,3202924.0
2025-04-02 11:00:00,600110,2025-04-02,11:00:00,15,3.77,3.79,3.77,3.79,551300,2082984.0
2025-04-02 11:15:00,600110,2025-04-02,11:15:00,15,3.78,3.78,3.76,3.78,727200,2742296.0
2025-04-02 11:30:00,600110,2025-04-02,11:30:00,15,3.77,3.77,3.75,3.76,978400,3679476.0
2025-04-02 13:15:00,600110,2025-04-02,13:15:00,15,3.77,3.78,3.76,3.76,375300,1414396.0
2025-04-02 13:30:00,600110,2025-04-02,13:30:00,15,3.77,3.77,3.75,3.75,650700,2446280.0
2025-04-02 13:45:00,600110,2025-04-02,13:45:00,15,3.76,3.77,3.75,3.76,687400,2585692.0
2025-04-02 14:00:00,600110,2025-04-02,14:00:00,15,3.76,3.77,3.76,3.76,337600,1271892.0
2025-04-02 14:15:00,600110,2025-04-02,14:15:00,15,3.76,3.78,3.76,3.77,741900,2795780.0
2025-04-02 14:30:00,600110,2025-04-02,14:30:00,15,3.77,3.78,3.76,3.77,614500,2313556.0
2025-04-02 14:45:00,600110,2025-04-02,14:45:00,15,3.77,3.77,3.75,3.76,573600,2157012.0
2025-04-02 15:00:00,600110,2025-04-02,15:00:00,15,3.76,3.77,3.75,3.76,920900,3462308.0
2025-04-03 09:45:00,600110,2025-04-03,09:45:00,15,3.74,3.78,3.73,3.78,2158900,8106586.0
2025-04-03 10:00:00,600110,2025-04-03,10:00:00,15,3.78,3.79,3.75,3.76,1360900,5131550.0
2025-04-03 10:15:00,600110,2025-04-03,10:15:00,15,3.75,3.76,3.73,3.75,1930300,7226296.0
2025-04-03 10:30:00,600110,2025-04-03,10:30:00,15,3.74,3.77,3.74,3.76,711700,2671152.0
2025-04-03 10:45:00,600110,2025-04-03,10:45:00,15,3.77,3.77,3.75,3.76,423200,1591434.0
2025-04-03 11:00:00,600110,2025-04-03,11:00:00,15,3.76,3.77,3.74,3.75,562900,2114242.0
2025-04-03 11:15:00,600110,2025-04-03,11:15:00,15,3.74,3.75,3.74,3.74,195600,732932.0
2025-04-03 11:30:00,600110,2025-04-03,11:30:00,15,3.74,3.75,3.72,3.73,918700,3429764.0
2025-04-03 13:15:00,600110,2025-04-03,13:15:00,15,3.73,3.74,3.72,3.72,484900,1808252.0
2025-04-03 13:30:00,600110,2025-04-03,13:30:00,15,3.72,3.74,3.72,3.73,592400,2207176.0
2025-04-03 13:45:00,600110,2025-04-03,13:45:00,15,3.73,3.75,3.73,3.73,958700,3582612.0
2025-04-03 14:00:00,600110,2025-04-03,14:00:00,15,3.73,3.76,3.73,3.75,534000,1999656.0
2025-04-03 14:15:00,600110,2025-04-03,14:15:00,15,3.76,3.77,3.75,3.76,882200,3315116.0
2025-04-03 14:30:00,600110,2025-04-03,14:30:00,15,3.75,3.76,3.74,3.76,739000,2771476.0
2025-04-03 14:45:00,600110,2025-04-03,14:45:00,15,3.76,3.76,3.74,3.75,400300,1501368.0
2025-04-03 15:00:00,600110,2025-04-03,15:00:00,15,3.74,3.75,3.74,3.74,854100,3199268.0
2025-04-07 09:45:00,600110,2025-04-07,09:45:00,15,3.53,3.54,3.37,3.39,11386500,39264904.0
2025-04-07 10:00:00,600110,2025-04-07,10:00:00,15,3.38,3.39,3.37,3.38,5276400,17798448.0
2025-04-07 10:15:00,600110,2025-04-07,10:15:00,15,3.37,3.39,3.37,3.37,1992600,6725536.0
2025-04-07 10:30:00,600110,2025-04-07,10:30:00,15,3.37,3.38,3.37,3.37,2012400,6792696.0
2025-04-07 10:45:00,600110,2025-04-07,10:45:00,15,3.37,3.38,3.37,3.37,1017800,3434408.0
2025-04-07 11:00:00,600110,2025-04-07,11:00:00,15,3.37,3.38,3.37,3.37,1112000,3749416.0
2025-04-07 11:15:00,600110,2025-04-07,11:15:00,15,3.37,3.38,3.37,3.37,1383600,4663296.0
2025-04-07 11:30:00,600110,2025-04-07,11:30:00,15,3.37,3.37,3.37,3.37,218500,736352.0
2025-04-07 13:15:00,600110,2025-04-07,13:15:00,15,3.37,3.37,3.37,3.37,263900,889336.0
2025-04-07 13:30:00,600110,2025-04-07,13:30:00,15,3.37,3.37,3.37,3.37,171300,577288.0
2025-04-07 13:45:00,600110,2025-04-07,13:45:00,15,3.37,3.37,3.37,3.37,238900,805088.0
2025-04-07 14:00:00,600110,2025-04-07,14:00:00,15,3.37,3.37,3.37,3.37,120700,406760.0
2025-04-07 14:15:00,600110,2025-04-07,14:15:00,15,3.37,3.37,3.37,3.37,142400,479888.0
2025-04-07 14:30:00,600110,2025-04-07,14:30:00,15,3.37,3.37,3.37,3.37,93800,316104.0
2025-04-07 14:45:00,600110,2025-04-07,14:45:00,15,3.37,3.37,3.37,3.37,149800,504832.0
2025-04-07 15:00:00,600110,2025-04-07,15:00:00,15,3.37,3.37,3.37,3.37,165800,558744.0
2025-04-08 09:45:00,600110,2025-04-08,09:45:00,15,3.3,3.42,3.29,3.31,8750300,29456252.0
2025-04-08 10:00:00,600110,2025-04-08,10:00:00,15,3.3,3.32,3.21,3.27,6224200,20296472.0
2025-04-08 10:15:00,600110,2025-04-08,10:15:00,15,3.27,3.33,3.24,3.32,3116000,10208852.0
2025-04-08 10:30:00,600110,2025-04-08,10:30:00,15,3.33,3.33,3.27,3.29,1453300,4789364.0
2025-04-08 10:45:00,600110,2025-04-08,10:45:00,15,3.29,3.32,3.28,3.28,1627800,5360244.0
2025-04-08 11:00:00,600110,2025-04-08,11:00:00,15,3.28,3.31,3.27,3.27,1077000,3542520.0
2025-04-08 11:15:00,600110,2025-04-08,11:15:00,15,3.27,3.3,3.27,3.3,1061900,3488360.0
2025-04-08 11:30:00,600110,2025-04-08,11:30:00,15,3.29,3.31,3.28,3.3,968500,3195872.0
2025-04-08 13:15:00,600110,2025-04-08,13:15:00,15,3.3,3.31,3.26,3.26,2545500,8367056.0
2025-04-08 13:30:00,600110,2025-04-08,13:30:00,15,3.27,3.28,3.24,3.26,2317800,7546984.0
2025-04-08 13:45:00,600110,2025-04-08,13:45:00,15,3.25,3.3,3.25,3.26,1543900,5047000.0
2025-04-08 14:00:00,600110,2025-04-08,14:00:00,15,3.26,3.27,3.24,3.27,2547500,8292624.0
2025-04-08 14:15:00,600110,2025-04-08,14:15:00,15,3.26,3.28,3.25,3.26,1087100,3548600.0
2025-04-08 14:30:00,600110,2025-04-08,14:30:00,15,3.26,3.27,3.24,3.26,1374000,4469064.0
2025-04-08 14:45:00,600110,2025-04-08,14:45:00,15,3.26,3.3,3.25,3.29,1587300,5200832.0
2025-04-08 15:00:00,600110,2025-04-08,15:00:00,15,3.3,3.32,3.28,3.31,1723500,5695808.0
2025-04-09 09:45:00,600110,2025-04-09,09:45:00,15,3.28,3.29,3.07,3.12,8968800,28179132.0
2025-04-09 10:00:00,600110,2025-04-09,10:00:00,15,3.13,3.19,3.13,3.19,2297100,7248780.0
2025-04-09 10:15:00,600110,2025-04-09,10:15:00,15,3.19,3.26,3.18,3.26,2747200,8868848.0
2025-04-09 10:30:00,600110,2025-04-09,10:30:00,15,3.26,3.29,3.24,3.26,2171000,7090592.0
2025-04-09 10:45:00,600110,2025-04-09,10:45:00,15,3.25,3.28,3.23,3.25,929900,3020732.0
2025-04-09 11:00:00,600110,2025-04-09,11:00:00,15,3.24,3.27,3.24,3.27,1041100,3387012.0
2025-04-09 11:15:00,600110,2025-04-09,11:15:00,15,3.27,3.29,3.23,3.25,832400,2714368.0
2025-04-09 11:30:00,600110,2025-04-09,11:30:00,15,3.25,3.31,3.24,3.3,1039900,3414488.0
2025-04-09 13:15:00,600110,2025-04-09,13:15:00,15,3.31,3.31,3.27,3.3,1227800,4041200.0
2025-04-09 13:30:00,600110,2025-04-09,13:30:00,15,3.31,3.33,3.3,3.32,1057000,3501400.0
2025-04-09 13:45:00,600110,2025-04-09,13:45:00,15,3.32,3.35,3.31,3.33,1820800,6066576.0
2025-04-09 14:00:00,600110,2025-04-09,14:00:00,15,3.33,3.35,3.33,3.34,1950200,6514480.0
2025-04-09 14:15:00,600110,2025-04-09,14:15:00,15,3.34,3.34,3.32,3.34,1260000,4190544.0
2025-04-09 14:30:00,600110,2025-04-09,14:30:00,15,3.34,3.35,3.33,3.33,610100,2036056.0
2025-04-09 14:45:00,600110,2025-04-09,14:45:00,15,3.34,3.35,3.33,3.34,1447000,4833568.0
2025-04-09 15:00:00,600110,2025-04-09,15:00:00,15,3.33,3.34,3.33,3.34,1107400,3695432.0
2025-04-10 09:45:00,600110,2025-04-10,09:45:00,15,3.37,3.45,3.37,3.44,6000700,20518232.0
2025-04-10 10:00:00,600110,2025-04-10,10:00:00,15,3.44,3.47,3.42,3.46,3256400,11231112.0
2025-04-10 10:15:00,600110,2025-04-10,10:15:00,15,3.46,3.47,3.43,3.44,1828200,6302816.0
2025-04-10 10:30:00,600110,2025-04-10,10:30:00,15,3.43,3.44,3.42,3.43,1121100,3845620.0
2025-04-10 10:45:00,600110,2025-04-10,10:45:00,15,3.42,3.43,3.41,3.42,916100,3131204.0
2025-04-10 11:00:00,600110,2025-04-10,11:00:00,15,3.41,3.41,3.39,3.4,2387300,8127876.0
2025-04-10 11:15:00,600110,2025-04-10,11:15:00,15,3.4,3.41,3.39,3.39,944200,3211164.0
2025-04-10 11:30:00,600110,2025-04-10,11:30:00,15,3.39,3.41,3.38,3.39,875300,2972120.0
2025-04-10 13:15:00,600110,2025-04-10,13:15:00,15,3.4,3.4,3.38,3.39,678700,2298416.0
2025-04-10 13:30:00,600110,2025-04-10,13:30:00,15,3.39,3.42,3.39,3.42,510900,1739880.0
2025-04-10 13:45:00,600110,2025-04-10,13:45:00,15,3.42,3.42,3.4,3.42,560800,1914728.0
2025-04-10 14:00:00,600110,2025-04-10,14:00:00,15,3.41,3.42,3.39,3.39,897900,3059016.0
2025-04-10 14:15:00,600110,2025-04-10,14:15:00,15,3.39,3.42,3.39,3.41,929200,3169608.0
2025-04-10 14:30:00,600110,2025-04-10,14:30:00,15,3.42,3.42,3.4,3.4,567900,1936864.0
2025-04-10 14:45:00,600110,2025-04-10,14:45:00,15,3.4,3.41,3.4,3.4,1077500,3665552.0
2025-04-10 15:00:00,600110,2025-04-10,15:00:00,15,3.4,3.4,3.39,3.4,767800,2608272.0
2025-04-11 09:45:00,600110,2025-04-11,09:45:00,15,3.38,3.42,3.35,3.41,3040200,10326105.0
2025-04-11 10:00:00,600110,2025-04-11,10:00:00,15,3.41,3.44,3.41,3.42,1545300,5291015.0
2025-04-11 10:15:00,600110,2025-04-11,10:15:00,15,3.43,3.43,3.4,3.41,1047400,3576644.0
2025-04-11 10:30:00,600110,2025-04-11,10:30:00,15,3.41,3.42,3.4,3.4,1082300,3690238.0
2025-04-11 10:45:00,600110,2025-04-11,10:45:00,15,3.4,3.42,3.4,3.41,276700,943616.0
2025-04-11 11:00:00,600110,2025-04-11,11:00:00,15,3.42,3.42,3.4,3.41,625900,2133530.0
2025-04-11 11:15:00,600110,2025-04-11,11:15:00,15,3.41,3.42,3.4,3.41,441000,1502938.0
2025-04-11 11:30:00,600110,2025-04-11,11:30:00,15,3.41,3.42,3.4,3.42,513200,1750224.0
2025-04-11 13:15:00,600110,2025-04-11,13:15:00,15,3.42,3.44,3.42,3.42,1746100,5985846.0
2025-04-11 13:30:00,600110,2025-04-11,13:30:00,15,3.42,3.43,3.42,3.42,490400,1679164.0
2025-04-11 13:45:00,600110,2025-04-11,13:45:00,15,3.42,3.45,3.41,3.45,1844300,6331348.0
2025-04-11 14:00:00,600110,2025-04-11,14:00:00,15,3.45,3.45,3.43,3.44,1133000,3899008.0
2025-04-11 14:15:00,600110,2025-04-11,14:15:00,15,3.44,3.45,3.43,3.43,411300,1415656.0
2025-04-11 14:30:00,600110,2025-04-11,14:30:00,15,3.44,3.44,3.42,3.43,733500,2515632.0
2025-04-11 14:45:00,600110,2025-04-11,14:45:00,15,3.43,3.44,3.42,3.43,801100,2746908.0
2025-04-11 15:00:00,600110,2025-04-11,15:00:00,15,3.42,3.44,3.42,3.43,1085300,3724728.0
2025-04-14 09:45:00,600110,2025-04-14,09:45:00,15,3.45,3.52,3.45,3.48,3532200,12333663.0
2025-04-14 10:00:00,600110,2025-04-14,10:00:00,15,3.49,3.52,3.48,3.51,2177400,7619997.0
2025-04-14 10:15:00,600110,2025-04-14,10:15:00,15,3.5,3.52,3.49,3.51,2380100,8361240.0
2025-04-14 10:30:00,600110,2025-04-14,10:30:00,15,3.51,3.52,3.51,3.52,897500,3153520.0
2025-04-14 10:45:00,600110,2025-04-14,10:45:00,15,3.51,3.53,3.51,3.52,1242600,4375340.0
2025-04-14 11:00:00,600110,2025-04-14,11:00:00,15,3.52,3.53,3.52,3.53,255400,900552.0
2025-04-14 11:15:00,600110,2025-04-14,11:15:00,15,3.53,3.54,3.51,3.51,763400,2691868.0
2025-04-14 11:30:00,600110,2025-04-14,11:30:00,15,3.52,3.53,3.51,3.53,471600,1659892.0
2025-04-14 13:15:00,600110,2025-04-14,13:15:00,15,3.53,3.53,3.5,3.5,1113400,3909220.0
2025-04-14 13:30:00,600110,2025-04-14,13:30:00,15,3.51,3.51,3.49,3.49,924000,3233460.0
2025-04-14 13:45:00,600110,2025-04-14,13:45:00,15,3.49,3.5,3.49,3.5,317600,1109380.0
2025-04-14 14:00:00,600110,2025-04-14,14:00:00,15,3.5,3.5,3.49,3.5,604300,2114820.0
2025-04-14 14:15:00,600110,2025-04-14,14:15:00,15,3.5,3.51,3.49,3.5,508000,1779064.0
2025-04-14 14:30:00,600110,2025-04-14,14:30:00,15,3.51,3.51,3.5,3.51,674500,2364192.0
2025-04-14 14:45:00,600110,2025-04-14,14:45:00,15,3.5,3.51,3.5,3.5,779800,2730548.0
2025-04-14 15:00:00,600110,2025-04-14,15:00:00,15,3.5,3.51,3.5,3.51,1339300,4693544.0
2025-04-15 09:45:00,600110,2025-04-15,09:45:00,15,3.51,3.54,3.49,3.51,2152200,7563360.0
2025-04-15 10:00:00,600110,2025-04-15,10:00:00,15,3.5,3.54,3.5,3.51,2710500,9550912.0
2025-04-15 10:15:00,600110,2025-04-15,10:15:00,15,3.5,3.52,3.5,3.52,706500,2478904.0
2025-04-15 10:30:00,600110,2025-04-15,10:30:00,15,3.51,3.52,3.49,3.5,1117400,3913432.0
2025-04-15 10:45:00,600110,2025-04-15,10:45:00,15,3.5,3.51,3.49,3.5,250700,878548.0
2025-04-15 11:00:00,600110,2025-04-15,11:00:00,15,3.5,3.51,3.49,3.5,332200,1161688.0
2025-04-15 11:15:00,600110,2025-04-15,11:15:00,15,3.5,3.5,3.48,3.49,1272000,4432540.0
2025-04-15 11:30:00,600110,2025-04-15,11:30:00,15,3.48,3.49,3.46,3.46,629800,2186364.0
2025-04-15 13:15:00,600110,2025-04-15,13:15:00,15,3.46,3.48,3.46,3.46,917000,3183192.0
2025-04-15 13:30:00,600110,2025-04-15,13:30:00,15,3.47,3.49,3.47,3.49,892200,3104036.0
2025-04-15 13:45:00,600110,2025-04-15,13:45:00,15,3.49,3.5,3.48,3.5,677900,2365620.0
2025-04-15 14:00:00,600110,2025-04-15,14:00:00,15,3.5,3.51,3.49,3.5,1020500,3571172.0
2025-04-15 14:15:00,600110,2025-04-15,14:15:00,15,3.5,3.51,3.48,3.49,472000,1648152.0
2025-04-15 14:30:00,600110,2025-04-15,14:30:00,15,3.48,3.5,3.48,3.48,348500,1215816.0
2025-04-15 14:45:00,600110,2025-04-15,14:45:00,15,3.49,3.49,3.48,3.48,432100,1506056.0
2025-04-15 15:00:00,600110,2025-04-15,15:00:00,15,3.49,3.5,3.48,3.49,1688700,5888544.0
2025-04-16 09:45:00,600110,2025-04-16,09:45:00,15,3.48,3.49,3.46,3.46,1260700,4377085.0
2025-04-16 10:00:00,600110,2025-04-16,10:00:00,15,3.46,3.47,3.44,3.45,1653200,5708322.0
2025-04-16 10:15:00,600110,2025-04-16,10:15:00,15,3.45,3.45,3.43,3.43,827800,2842386.0
2025-04-16 10:30:00,600110,2025-04-16,10:30:00,15,3.43,3.44,3.41,3.41,1085300,3714409.0
2025-04-16 10:45:00,600110,2025-04-16,10:45:00,15,3.41,3.42,3.4,3.4,1411300,4807546.0
2025-04-16 11:00:00,600110,2025-04-16,11:00:00,15,3.4,3.41,3.39,3.4,567100,1927550.0
2025-04-16 11:15:00,600110,2025-04-16,11:15:00,15,3.39,3.4,3.38,3.39,779600,2640260.0
2025-04-16 11:30:00,600110,2025-04-16,11:30:00,15,3.39,3.39,3.36,3.37,720800,2434058.0
2025-04-16 13:15:00,600110,2025-04-16,13:15:00,15,3.36,3.42,3.36,3.41,3132400,10600588.0
2025-04-16 13:30:00,600110,2025-04-16,13:30:00,15,3.41,3.41,3.39,3.39,412900,1403732.0
2025-04-16 13:45:00,600110,2025-04-16,13:45:00,15,3.4,3.42,3.39,3.4,776900,2646216.0
2025-04-16 14:00:00,600110,2025-04-16,14:00:00,15,3.4,3.41,3.38,3.41,688600,2336916.0
2025-04-16 14:15:00,600110,2025-04-16,14:15:00,15,3.41,3.42,3.4,3.42,590200,2011748.0
2025-04-16 14:30:00,600110,2025-04-16,14:30:00,15,3.42,3.42,3.4,3.41,305400,1040656.0
2025-04-16 14:45:00,600110,2025-04-16,14:45:00,15,3.41,3.41,3.39,3.41,811300,2760712.0
2025-04-16 15:00:00,600110,2025-04-16,15:00:00,15,3.41,3.43,3.41,3.42,1047600,3580200.0
2025-04-17 09:45:00,600110,2025-04-17,09:45:00,15,3.4,3.44,3.39,3.43,1781400,6096117.0
2025-04-17 10:00:00,600110,2025-04-17,10:00:00,15,3.43,3.45,3.43,3.45,1020800,3515427.0
2025-04-17 10:15:00,600110,2025-04-17,10:15:00,15,3.45,3.46,3.44,3.45,1159300,3996709.0
2025-04-17 10:30:00,600110,2025-04-17,10:30:00,15,3.44,3.46,3.44,3.45,663600,2290951.0
2025-04-17 10:45:00,600110,2025-04-17,10:45:00,15,3.45,3.45,3.43,3.44,999800,3438488.0
2025-04-17 11:00:00,600110,2025-04-17,11:00:00,15,3.44,3.45,3.43,3.44,411600,1415416.0
2025-04-17 11:15:00,600110,2025-04-17,11:15:00,15,3.44,3.45,3.44,3.45,625700,2156130.0
2025-04-17 11:30:00,600110,2025-04-17,11:30:00,15,3.45,3.46,3.45,3.46,516400,1783158.0
2025-04-17 13:15:00,600110,2025-04-17,13:15:00,15,3.46,3.64,3.46,3.56,11929500,42320164.0
2025-04-17 13:30:00,600110,2025-04-17,13:30:00,15,3.56,3.59,3.54,3.55,2340500,8332296.0
2025-04-17 13:45:00,600110,2025-04-17,13:45:00,15,3.55,3.56,3.53,3.53,904000,3202480.0
2025-04-17 14:00:00,600110,2025-04-17,14:00:00,15,3.53,3.54,3.51,3.51,1214100,4281080.0
2025-04-17 14:15:00,600110,2025-04-17,14:15:00,15,3.51,3.52,3.51,3.51,590600,2075560.0
2025-04-17 14:30:00,600110,2025-04-17,14:30:00,15,3.52,3.53,3.51,3.53,967400,3404640.0
2025-04-17 14:45:00,600110,2025-04-17,14:45:00,15,3.52,3.53,3.5,3.5,1128700,3963248.0
2025-04-17 15:00:00,600110,2025-04-17,15:00:00,15,3.5,3.52,3.5,3.51,1412000,4952024.0
2025-04-18 09:45:00,600110,2025-04-18,09:45:00,15,3.5,3.53,3.45,3.51,2988600,10404131.0
2025-04-18 10:00:00,600110,2025-04-18,10:00:00,15,3.51,3.51,3.46,3.47,1456700,5059823.0
2025-04-18 10:15:00,600110,2025-04-18,10:15:00,15,3.46,3.48,3.45,3.47,1007400,3490190.0
2025-04-18 10:30:00,600110,2025-04-18,10:30:00,15,3.46,3.48,3.45,3.48,867900,3005102.0
2025-04-18 10:45:00,600110,2025-04-18,10:45:00,15,3.47,3.49,3.47,3.48,698800,2431574.0
2025-04-18 11:00:00,600110,2025-04-18,11:00:00,15,3.47,3.49,3.46,3.46,649000,2253440.0
2025-04-18 11:15:00,600110,2025-04-18,11:15:00,15,3.47,3.47,3.45,3.47,592700,2050690.0
2025-04-18 11:30:00,600110,2025-04-18,11:30:00,15,3.47,3.47,3.45,3.45,369500,1277566.0
2025-04-18 13:15:00,600110,2025-04-18,13:15:00,15,3.45,3.48,3.45,3.46,958000,3313768.0
2025-04-18 13:30:00,600110,2025-04-18,13:30:00,15,3.46,3.48,3.45,3.48,603100,2088836.0
2025-04-18 13:45:00,600110,2025-04-18,13:45:00,15,3.48,3.49,3.47,3.48,833400,2899904.0
2025-04-18 14:00:00,600110,2025-04-18,14:00:00,15,3.48,3.51,3.47,3.51,1062000,3710920.0
2025-04-18 14:15:00,600110,2025-04-18,14:15:00,15,3.5,3.51,3.49,3.49,609400,2131300.0
2025-04-18 14:30:00,600110,2025-04-18,14:30:00,15,3.5,3.51,3.49,3.5,762800,2669456.0
2025-04-18 14:45:00,600110,2025-04-18,14:45:00,15,3.51,3.51,3.49,3.5,539500,1889288.0
2025-04-18 15:00:00,600110,2025-04-18,15:00:00,15,3.51,3.51,3.49,3.5,1433200,5023192.0
2025-04-21 09:45:00,600110,2025-04-21,09:45:00,15,3.49,3.52,3.46,3.51,1926900,6728999.0
2025-04-21 10:00:00,600110,2025-04-21,10:00:00,15,3.51,3.55,3.51,3.52,1654000,5843007.0
2025-04-21 10:15:00,600110,2025-04-21,10:15:00,15,3.52,3.54,3.52,3.53,948400,3346415.0
2025-04-21 10:30:00,600110,2025-04-21,10:30:00,15,3.52,3.53,3.52,3.52,339800,1198459.0
2025-04-21 10:45:00,600110,2025-04-21,10:45:00,15,3.53,3.54,3.52,3.53,878600,3100928.0
2025-04-21 11:00:00,600110,2025-04-21,11:00:00,15,3.53,3.55,3.52,3.54,1309200,4629118.0
2025-04-21 11:15:00,600110,2025-04-21,11:15:00,15,3.54,3.55,3.54,3.55,557900,1977302.0
2025-04-21 11:30:00,600110,2025-04-21,11:30:00,15,3.54,3.55,3.54,3.55,249600,884820.0
2025-04-21 13:15:00,600110,2025-04-21,13:15:00,15,3.55,3.55,3.53,3.55,782400,2770690.0
2025-04-21 13:30:00,600110,2025-04-21,13:30:00,15,3.55,3.55,3.53,3.54,368700,1305534.0
2025-04-21 13:45:00,600110,2025-04-21,13:45:00,15,3.55,3.55,3.53,3.54,478700,1694356.0
2025-04-21 14:00:00,600110,2025-04-21,14:00:00,15,3.54,3.56,3.54,3.54,1059900,3762120.0
2025-04-21 14:15:00,600110,2025-04-21,14:15:00,15,3.55,3.57,3.54,3.57,1693300,6017008.0
2025-04-21 14:30:00,600110,2025-04-21,14:30:00,15,3.57,3.6,3.56,3.58,2167300,7769348.0
2025-04-21 14:45:00,600110,2025-04-21,14:45:00,15,3.59,3.59,3.57,3.58,812000,2907720.0
2025-04-21 15:00:00,600110,2025-04-21,15:00:00,15,3.58,3.59,3.58,3.58,1390600,4984752.0
2025-04-22 09:45:00,600110,2025-04-22,09:45:00,15,3.54,3.56,3.45,3.49,9344200,32661658.0
2025-04-22 10:00:00,600110,2025-04-22,10:00:00,15,3.48,3.49,3.45,3.48,4313100,14965878.0
2025-04-22 10:15:00,600110,2025-04-22,10:15:00,15,3.48,3.5,3.48,3.49,789500,2756244.0
2025-04-22 10:30:00,600110,2025-04-22,10:30:00,15,3.5,3.52,3.49,3.5,1472100,5166592.0
2025-04-22 10:45:00,600110,2025-04-22,10:45:00,15,3.5,3.51,3.49,3.5,575900,2015796.0
2025-04-22 11:00:00,600110,2025-04-22,11:00:00,15,3.5,3.5,3.49,3.49,477700,1668104.0
2025-04-22 11:15:00,600110,2025-04-22,11:15:00,15,3.49,3.5,3.49,3.49,476500,1663116.0
2025-04-22 11:30:00,600110,2025-04-22,11:30:00,15,3.49,3.5,3.49,3.5,346800,1211168.0
2025-04-22 13:15:00,600110,2025-04-22,13:15:00,15,3.5,3.53,3.49,3.52,1102800,3873156.0
2025-04-22 13:30:00,600110,2025-04-22,13:30:00,15,3.53,3.54,3.51,3.52,547300,1930000.0
2025-04-22 13:45:00,600110,2025-04-22,13:45:00,15,3.51,3.54,3.51,3.52,978300,3449624.0
2025-04-22 14:00:00,600110,2025-04-22,14:00:00,15,3.52,3.53,3.51,3.52,404300,1421992.0
2025-04-22 14:15:00,600110,2025-04-22,14:15:00,15,3.51,3.54,3.51,3.52,1285000,4528880.0
2025-04-22 14:30:00,600110,2025-04-22,14:30:00,15,3.52,3.53,3.51,3.52,634200,2230600.0
2025-04-22 14:45:00,600110,2025-04-22,14:45:00,15,3.53,3.53,3.51,3.51,429700,1512616.0
2025-04-22 15:00:00,600110,2025-04-22,15:00:00,15,3.51,3.52,3.51,3.51,1060600,3725344.0
2025-04-23 09:45:00,600110,2025-04-23,09:45:00,15,3.52,3.61,3.52,3.58,6677300,23895264.0
2025-04-23 10:00:00,600110,2025-04-23,10:00:00,15,3.59,3.6,3.56,3.58,4378400,15688044.0
2025-04-23 10:15:00,600110,2025-04-23,10:15:00,15,3.59,3.6,3.58,3.6,2476900,8900012.0
2025-04-23 10:30:00,600110,2025-04-23,10:30:00,15,3.6,3.6,3.56,3.56,1422200,5086440.0
2025-04-23 10:45:00,600110,2025-04-23,10:45:00,15,3.57,3.57,3.54,3.55,1645600,5850760.0
2025-04-23 11:00:00,600110,2025-04-23,11:00:00,15,3.56,3.57,3.54,3.55,829400,2947824.0
2025-04-23 11:15:00,600110,2025-04-23,11:15:00,15,3.54,3.56,3.54,3.54,667200,2369436.0
2025-04-23 11:30:00,600110,2025-04-23,11:30:00,15,3.55,3.57,3.54,3.57,1021500,3628892.0
2025-04-23 13:15:00,600110,2025-04-23,13:15:00,15,3.57,3.57,3.55,3.56,987200,3516880.0
2025-04-23 13:30:00,600110,2025-04-23,13:30:00,15,3.57,3.57,3.55,3.55,486200,1730440.0
2025-04-23 13:45:00,600110,2025-04-23,13:45:00,15,3.55,3.57,3.55,3.56,596100,2121312.0
2025-04-23 14:00:00,600110,2025-04-23,14:00:00,15,3.55,3.56,3.54,3.54,572500,2034032.0
2025-04-23 14:15:00,600110,2025-04-23,14:15:00,15,3.54,3.55,3.53,3.54,1117700,3960704.0
2025-04-23 14:30:00,600110,2025-04-23,14:30:00,15,3.54,3.56,3.53,3.55,596700,2116440.0
2025-04-23 14:45:00,600110,2025-04-23,14:45:00,15,3.56,3.56,3.55,3.56,1210500,4303712.0
2025-04-23 15:00:00,600110,2025-04-23,15:00:00,15,3.56,3.56,3.54,3.54,728200,2586224.0
2025-04-24 09:45:00,600110,2025-04-24,09:45:00,15,3.54,3.57,3.52,3.55,2610100,9248766.0
2025-04-24 10:00:00,600110,2025-04-24,10:00:00,15,3.55,3.57,3.53,3.54,2093400,7422588.0
2025-04-24 10:15:00,600110,2025-04-24,10:15:00,15,3.54,3.57,3.53,3.55,1435100,5097090.0
2025-04-24 10:30:00,600110,2025-04-24,10:30:00,15,3.55,3.57,3.54,3.56,723100,2572702.0
2025-04-24 10:45:00,600110,2025-04-24,10:45:00,15,3.56,3.57,3.54,3.54,628400,2233986.0
2025-04-24 11:00:00,600110,2025-04-24,11:00:00,15,3.54,3.55,3.51,3.52,1346300,4750902.0
2025-04-24 11:15:00,600110,2025-04-24,11:15:00,15,3.52,3.53,3.5,3.51,1002800,3522346.0
2025-04-24 11:30:00,600110,2025-04-24,11:30:00,15,3.51,3.51,3.5,3.51,392500,1374828.0
2025-04-24 13:15:00,600110,2025-04-24,13:15:00,15,3.51,3.52,3.5,3.5,794700,2787880.0
2025-04-24 13:30:00,600110,2025-04-24,13:30:00,15,3.5,3.52,3.5,3.52,353500,1240976.0
2025-04-24 13:45:00,600110,2025-04-24,13:45:00,15,3.52,3.53,3.51,3.52,461900,1625808.0
2025-04-24 14:00:00,600110,2025-04-24,14:00:00,15,3.53,3.53,3.51,3.52,774900,2725160.0
2025-04-24 14:15:00,600110,2025-04-24,14:15:00,15,3.52,3.53,3.51,3.51,515500,1814060.0
2025-04-24 14:30:00,600110,2025-04-24,14:30:00,15,3.52,3.52,3.5,3.52,554000,1944712.0
2025-04-24 14:45:00,600110,2025-04-24,14:45:00,15,3.52,3.52,3.51,3.51,619900,2180476.0
2025-04-24 15:00:00,600110,2025-04-24,15:00:00,15,3.52,3.52,3.51,3.51,1459400,5132836.0
2025-04-25 09:45:00,600110,2025-04-25,09:45:00,15,3.49,3.55,3.49,3.51,1941400,6844233.0
2025-04-25 10:00:00,600110,2025-04-25,10:00:00,15,3.52,3.52,3.5,3.51,602300,2114202.0
2025-04-25 10:15:00,600110,2025-04-25,10:15:00,15,3.52,3.54,3.52,3.53,912800,3220833.0
2025-04-25 10:30:00,600110,2025-04-25,10:30:00,15,3.53,3.55,3.52,3.52,1001300,3539665.0
2025-04-25 10:45:00,600110,2025-04-25,10:45:00,15,3.52,3.54,3.52,3.53,492400,1737793.0
2025-04-25 11:00:00,600110,2025-04-25,11:00:00,15,3.52,3.54,3.52,3.54,247900,874382.0
2025-04-25 11:15:00,600110,2025-04-25,11:15:00,15,3.54,3.56,3.53,3.55,2188700,7766308.0
2025-04-25 11:30:00,600110,2025-04-25,11:30:00,15,3.55,3.56,3.54,3.55,1137800,4038720.0
2025-04-25 13:15:00,600110,2025-04-25,13:15:00,15,3.55,3.55,3.53,3.53,865300,3062872.0
2025-04-25 13:30:00,600110,2025-04-25,13:30:00,15,3.53,3.54,3.52,3.52,536600,1894896.0
2025-04-25 13:45:00,600110,2025-04-25,13:45:00,15,3.53,3.54,3.52,3.52,239900,846776.0
2025-04-25 14:00:00,600110,2025-04-25,14:00:00,15,3.52,3.54,3.52,3.53,849000,2992696.0
2025-04-25 14:15:00,600110,2025-04-25,14:15:00,15,3.53,3.53,3.51,3.51,434300,1528164.0
2025-04-25 14:30:00,600110,2025-04-25,14:30:00,15,3.51,3.52,3.51,3.52,152300,535380.0
2025-04-25 14:45:00,600110,2025-04-25,14:45:00,15,3.52,3.53,3.51,3.52,516300,1816244.0
2025-04-25 15:00:00,600110,2025-04-25,15:00:00,15,3.52,3.52,3.51,3.52,645300,2268948.0
2025-04-28 09:45:00,600110,2025-04-28,09:45:00,15,3.16,3.16,3.16,3.16,6177500,19520900.0
2025-04-28 10:00:00,600110,2025-04-28,10:00:00,15,3.16,3.16,3.16,3.16,923500,2918260.0
2025-04-28 10:15:00,600110,2025-04-28,10:15:00,15,3.16,3.16,3.16,3.16,490500,1549980.0
2025-04-28 10:30:00,600110,2025-04-28,10:30:00,15,3.16,3.16,3.16,3.16,623000,1968680.0
2025-04-28 10:45:00,600110,2025-04-28,10:45:00,15,3.16,3.16,3.16,3.16,192300,607668.0
2025-04-28 11:00:00,600110,2025-04-28,11:00:00,15,3.16,3.16,3.16,3.16,232400,734384.0
2025-04-28 11:15:00,600110,2025-04-28,11:15:00,15,3.16,3.16,3.16,3.16,617100,1950036.0
2025-04-28 11:30:00,600110,2025-04-28,11:30:00,15,3.16,3.16,3.16,3.16,172800,546048.0
2025-04-28 13:15:00,600110,2025-04-28,13:15:00,15,3.16,3.16,3.16,3.16,534900,1690284.0
2025-04-28 13:30:00,600110,2025-04-28,13:30:00,15,3.16,3.16,3.16,3.16,283500,895860.0
2025-04-28 13:45:00,600110,2025-04-28,13:45:00,15,3.16,3.16,3.16,3.16,90100,284716.0
2025-04-28 14:00:00,600110,2025-04-28,14:00:00,15,3.16,3.16,3.16,3.16,151400,478424.0
2025-04-28 14:15:00,600110,2025-04-28,14:15:00,15,3.16,3.16,3.16,3.16,118100,373196.0
2025-04-28 14:30:00,600110,2025-04-28,14:30:00,15,3.16,3.16,3.16,3.16,172000,543520.0
2025-04-28 14:45:00,600110,2025-04-28,14:45:00,15,3.16,3.16,3.16,3.16,220900,698044.0
2025-04-28 15:00:00,600110,2025-04-28,15:00:00,15,3.16,3.16,3.16,3.16,479000,1513640.0
2025-04-29 09:45:00,600110,2025-04-29,09:45:00,15,2.89,3.12,2.89,3.05,34775600,104216016.0
2025-04-29 10:00:00,600110,2025-04-29,10:00:00,15,3.05,3.08,3.03,3.06,6885700,21044272.0
2025-04-29 10:15:00,600110,2025-04-29,10:15:00,15,3.06,3.07,3.01,3.02,6721100,20370352.0
2025-04-29 10:30:00,600110,2025-04-29,10:30:00,15,3.02,3.04,3.01,3.02,6401400,19396928.0
2025-04-29 10:45:00,600110,2025-04-29,10:45:00,15,3.02,3.03,2.98,2.98,6206900,18620736.0
2025-04-29 11:00:00,600110,2025-04-29,11:00:00,15,2.99,3.0,2.97,2.99,4080500,12176048.0
2025-04-29 11:15:00,600110,2025-04-29,11:15:00,15,3.0,3.0,2.99,2.99,4127400,12377184.0
2025-04-29 11:30:00,600110,2025-04-29,11:30:00,15,3.0,3.0,2.96,2.97,2296700,6844656.0
2025-04-29 13:15:00,600110,2025-04-29,13:15:00,15,2.97,2.99,2.94,2.99,3418800,10143824.0
2025-04-29 13:30:00,600110,2025-04-29,13:30:00,15,2.99,3.0,2.99,2.99,2224500,6665312.0
2025-04-29 13:45:00,600110,2025-04-29,13:45:00,15,2.99,3.02,2.99,3.01,2787400,8373152.0
2025-04-29 14:00:00,600110,2025-04-29,14:00:00,15,3.01,3.03,3.0,3.01,1502700,4528912.0
2025-04-29 14:15:00,600110,2025-04-29,14:15:00,15,3.01,3.02,3.0,3.01,783400,2359904.0
2025-04-29 14:30:00,600110,2025-04-29,14:30:00,15,3.02,3.02,3.01,3.02,858300,2587056.0
2025-04-29 14:45:00,600110,2025-04-29,14:45:00,15,3.02,3.02,3.0,3.0,1741700,5236016.0
2025-04-29 15:00:00,600110,2025-04-29,15:00:00,15,3.0,3.02,3.0,3.01,3431700,10333872.0
2025-04-30 09:45:00,600110,2025-04-30,09:45:00,15,2.95,3.08,2.95,3.06,14286200,43320836.0
2025-04-30 10:00:00,600110,2025-04-30,10:00:00,15,3.06,3.09,3.05,3.07,3418800,10476216.0
2025-04-30 10:15:00,600110,2025-04-30,10:15:00,15,3.08,3.11,3.08,3.09,6938200,21490768.0
2025-04-30 10:30:00,600110,2025-04-30,10:30:00,15,3.09,3.1,3.08,3.09,2941700,9091696.0
2025-04-30 10:45:00,600110,2025-04-30,10:45:00,15,3.09,3.1,3.06,3.06,2291200,7056696.0
2025-04-30 11:00:00,600110,2025-04-30,11:00:00,15,3.06,3.07,3.05,3.07,2144100,6560632.0
2025-04-30 11:15:00,600110,2025-04-30,11:15:00,15,3.07,3.07,3.06,3.07,1011700,3104560.0
2025-04-30 11:30:00,600110,2025-04-30,11:30:00,15,3.07,3.07,3.05,3.05,1247400,3815664.0
2025-04-30 13:15:00,600110,2025-04-30,13:15:00,15,3.05,3.06,3.04,3.05,3319100,10120592.0
2025-04-30 13:30:00,600110,2025-04-30,13:30:00,15,3.05,3.06,3.04,3.05,1275900,3892880.0
2025-04-30 13:45:00,600110,2025-04-30,13:45:00,15,3.05,3.06,3.04,3.05,924300,2818048.0
2025-04-30 14:00:00,600110,2025-04-30,14:00:00,15,3.05,3.06,3.05,3.05,656200,2006432.0
2025-04-30 14:15:00,600110,2025-04-30,14:15:00,15,3.05,3.07,3.05,3.07,1365100,4178152.0
2025-04-30 14:30:00,600110,2025-04-30,14:30:00,15,3.06,3.07,3.05,3.06,1256200,3839760.0
2025-04-30 14:45:00,600110,2025-04-30,14:45:00,15,3.05,3.06,3.04,3.06,1793000,5469704.0
2025-04-30 15:00:00,600110,2025-04-30,15:00:00,15,3.06,3.08,3.05,3.06,3509000,10749280.0
2025-05-06 09:45:00,600110,2025-05-06,09:45:00,15,3.08,3.21,3.07,3.2,8262800,26214794.0
2025-05-06 10:00:00,600110,2025-05-06,10:00:00,15,3.2,3.24,3.19,3.24,3819200,12283798.0
2025-05-06 10:15:00,600110,2025-05-06,10:15:00,15,3.24,3.24,3.2,3.21,2530000,8145812.0
2025-05-06 10:30:00,600110,2025-05-06,10:30:00,15,3.21,3.23,3.2,3.21,2321800,7463920.0
2025-05-06 10:45:00,600110,2025-05-06,10:45:00,15,3.21,3.22,3.2,3.21,989200,3173144.0
2025-05-06 11:00:00,600110,2025-05-06,11:00:00,15,3.22,3.23,3.21,3.21,905700,2915328.0
2025-05-06 11:15:00,600110,2025-05-06,11:15:00,15,3.21,3.24,3.21,3.23,2636400,8501908.0
2025-05-06 11:30:00,600110,2025-05-06,11:30:00,15,3.23,3.24,3.22,3.23,966700,3122608.0
2025-05-06 13:15:00,600110,2025-05-06,13:15:00,15,3.22,3.23,3.2,3.21,2082300,6690416.0
2025-05-06 13:30:00,600110,2025-05-06,13:30:00,15,3.21,3.23,3.21,3.23,1211900,3900528.0
2025-05-06 13:45:00,600110,2025-05-06,13:45:00,15,3.23,3.23,3.22,3.23,1274400,4115040.0
2025-05-06 14:00:00,600110,2025-05-06,14:00:00,15,3.23,3.23,3.21,3.22,1061000,3417480.0
2025-05-06 14:15:00,600110,2025-05-06,14:15:00,15,3.22,3.24,3.22,3.22,744300,2403224.0
2025-05-06 14:30:00,600110,2025-05-06,14:30:00,15,3.23,3.23,3.22,3.23,609600,1967296.0
2025-05-06 14:45:00,600110,2025-05-06,14:45:00,15,3.22,3.23,3.22,3.23,923500,2977248.0
2025-05-06 15:00:00,600110,2025-05-06,15:00:00,15,3.23,3.23,3.22,3.23,2776800,8958984.0
2025-05-07 09:45:00,600110,2025-05-07,09:45:00,15,3.27,3.33,3.26,3.28,6890200,22662950.0
2025-05-07 10:00:00,600110,2025-05-07,10:00:00,15,3.27,3.3,3.26,3.28,2946500,9652166.0
2025-05-07 10:15:00,600110,2025-05-07,10:15:00,15,3.29,3.31,3.28,3.28,2478700,8169960.0
2025-05-07 10:30:00,600110,2025-05-07,10:30:00,15,3.28,3.29,3.25,3.26,3103500,10148084.0
2025-05-07 10:45:00,600110,2025-05-07,10:45:00,15,3.26,3.28,3.26,3.28,1141600,3734132.0
2025-05-07 11:00:00,600110,2025-05-07,11:00:00,15,3.28,3.31,3.28,3.3,1957300,6450024.0
2025-05-07 11:15:00,600110,2025-05-07,11:15:00,15,3.3,3.3,3.29,3.29,773300,2546748.0
2025-05-07 11:30:00,600110,2025-05-07,11:30:00,15,3.3,3.3,3.28,3.28,1238900,4070904.0
2025-05-07 13:15:00,600110,2025-05-07,13:15:00,15,3.28,3.31,3.28,3.3,2503300,8257224.0
2025-05-07 13:30:00,600110,2025-05-07,13:30:00,15,3.3,3.31,3.29,3.3,691500,2282368.0
2025-05-07 13:45:00,600110,2025-05-07,13:45:00,15,3.3,3.31,3.29,3.3,1117200,3685448.0
2025-05-07 14:00:00,600110,2025-05-07,14:00:00,15,3.3,3.3,3.28,3.28,1603500,5274288.0
2025-05-07 14:15:00,600110,2025-05-07,14:15:00,15,3.28,3.29,3.27,3.27,1050200,3441608.0
2025-05-07 14:30:00,600110,2025-05-07,14:30:00,15,3.27,3.28,3.26,3.27,1399300,4576064.0
2025-05-07 14:45:00,600110,2025-05-07,14:45:00,15,3.27,3.31,3.27,3.3,2351200,7741920.0
2025-05-07 15:00:00,600110,2025-05-07,15:00:00,15,3.3,3.31,3.3,3.31,1910800,6315272.0
2025-05-08 09:45:00,600110,2025-05-08,09:45:00,15,3.3,3.42,3.29,3.39,6223200,20846996.0
2025-05-08 10:00:00,600110,2025-05-08,10:00:00,15,3.39,3.42,3.37,3.41,3721400,12661340.0
2025-05-08 10:15:00,600110,2025-05-08,10:15:00,15,3.4,3.44,3.39,3.43,3098700,10579316.0
2025-05-08 10:30:00,600110,2025-05-08,10:30:00,15,3.44,3.48,3.43,3.48,3906800,13491512.0
2025-05-08 10:45:00,600110,2025-05-08,10:45:00,15,3.48,3.49,3.45,3.46,3111700,10801724.0
2025-05-08 11:00:00,600110,2025-05-08,11:00:00,15,3.47,3.51,3.46,3.51,3395100,11858328.0
2025-05-08 11:15:00,600110,2025-05-08,11:15:00,15,3.51,3.53,3.49,3.53,3122500,10975440.0
2025-05-08 11:30:00,600110,2025-05-08,11:30:00,15,3.52,3.54,3.5,3.51,2066900,7273704.0
2025-05-08 13:15:00,600110,2025-05-08,13:15:00,15,3.51,3.51,3.46,3.46,3384200,11793664.0
2025-05-08 13:30:00,600110,2025-05-08,13:30:00,15,3.46,3.48,3.45,3.46,1084500,3755880.0
2025-05-08 13:45:00,600110,2025-05-08,13:45:00,15,3.46,3.46,3.44,3.46,1391200,4801968.0
2025-05-08 14:00:00,600110,2025-05-08,14:00:00,15,3.45,3.47,3.45,3.46,998100,3454832.0
2025-05-08 14:15:00,600110,2025-05-08,14:15:00,15,3.47,3.47,3.45,3.47,868100,3004400.0
2025-05-08 14:30:00,600110,2025-05-08,14:30:00,15,3.47,3.47,3.45,3.46,862300,2983448.0
2025-05-08 14:45:00,600110,2025-05-08,14:45:00,15,3.46,3.46,3.45,3.46,1551300,5357096.0
2025-05-08 15:00:00,600110,2025-05-08,15:00:00,15,3.46,3.46,3.44,3.44,2559300,8822128.0
2025-05-09 09:45:00,600110,2025-05-09,09:45:00,15,3.45,3.47,3.36,3.38,7944600,27049188.0
2025-05-09 10:00:00,600110,2025-05-09,10:00:00,15,3.37,3.41,3.36,3.41,4261200,14378648.0
2025-05-09 10:15:00,600110,2025-05-09,10:15:00,15,3.41,3.41,3.38,3.39,1157900,3930228.0
2025-05-09 10:30:00,600110,2025-05-09,10:30:00,15,3.39,3.39,3.37,3.38,1234200,4170176.0
2025-05-09 10:45:00,600110,2025-05-09,10:45:00,15,3.37,3.39,3.37,3.38,1586500,5363116.0
2025-05-09 11:00:00,600110,2025-05-09,11:00:00,15,3.37,3.38,3.36,3.37,2123400,7150948.0
2025-05-09 11:15:00,600110,2025-05-09,11:15:00,15,3.36,3.38,3.36,3.37,1367400,4607512.0
2025-05-09 11:30:00,600110,2025-05-09,11:30:00,15,3.38,3.38,3.37,3.38,330700,1116248.0
2025-05-09 13:15:00,600110,2025-05-09,13:15:00,15,3.38,3.44,3.38,3.42,3555900,12109032.0
2025-05-09 13:30:00,600110,2025-05-09,13:30:00,15,3.42,3.43,3.4,3.43,1160500,3964424.0
2025-05-09 13:45:00,600110,2025-05-09,13:45:00,15,3.42,3.45,3.42,3.44,1698400,5827816.0
2025-05-09 14:00:00,600110,2025-05-09,14:00:00,15,3.45,3.49,3.44,3.48,3186500,11034280.0
2025-05-09 14:15:00,600110,2025-05-09,14:15:00,15,3.49,3.49,3.45,3.47,2106900,7299304.0
2025-05-09 14:30:00,600110,2025-05-09,14:30:00,15,3.46,3.49,3.46,3.49,2326800,8081768.0
2025-05-09 14:45:00,600110,2025-05-09,14:45:00,15,3.49,3.5,3.46,3.48,2919300,10160168.0
2025-05-09 15:00:00,600110,2025-05-09,15:00:00,15,3.47,3.48,3.46,3.48,2693700,9348056.0
2025-05-12 09:45:00,600110,2025-05-12,09:45:00,15,3.53,3.53,3.45,3.45,5523800,19252974.0
2025-05-12 10:00:00,600110,2025-05-12,10:00:00,15,3.46,3.47,3.44,3.46,2853700,9851426.0
2025-05-12 10:15:00,600110,2025-05-12,10:15:00,15,3.47,3.49,3.46,3.49,2142600,7445072.0
2025-05-12 10:30:00,600110,2025-05-12,10:30:00,15,3.49,3.51,3.48,3.49,2444800,8535296.0
2025-05-12 10:45:00,600110,2025-05-12,10:45:00,15,3.48,3.49,3.47,3.48,1118500,3890748.0
2025-05-12 11:00:00,600110,2025-05-12,11:00:00,15,3.48,3.5,3.48,3.48,1138700,3973504.0
2025-05-12 11:15:00,600110,2025-05-12,11:15:00,15,3.48,3.51,3.48,3.5,1868200,6535100.0
2025-05-12 11:30:00,600110,2025-05-12,11:30:00,15,3.49,3.51,3.49,3.49,872900,3056008.0
2025-05-12 13:15:00,600110,2025-05-12,13:15:00,15,3.5,3.51,3.49,3.5,1287400,4506400.0
2025-05-12 13:30:00,600110,2025-05-12,13:30:00,15,3.5,3.51,3.5,3.5,691100,2422120.0
2025-05-12 13:45:00,600110,2025-05-12,13:45:00,15,3.51,3.52,3.5,3.52,1833100,6431320.0
2025-05-12 14:00:00,600110,2025-05-12,14:00:00,15,3.51,3.52,3.51,3.52,862100,3029864.0
2025-05-12 14:15:00,600110,2025-05-12,14:15:00,15,3.51,3.53,3.51,3.51,1808100,6365128.0
2025-05-12 14:30:00,600110,2025-05-12,14:30:00,15,3.51,3.55,3.5,3.55,4042500,14252720.0
2025-05-12 14:45:00,600110,2025-05-12,14:45:00,15,3.54,3.55,3.53,3.53,833200,2945144.0
2025-05-12 15:00:00,600110,2025-05-12,15:00:00,15,3.54,3.54,3.52,3.53,1998200,7053704.0
2025-05-13 09:45:00,600110,2025-05-13,09:45:00,15,3.56,3.58,3.53,3.57,5437900,19337914.0
2025-05-13 10:00:00,600110,2025-05-13,10:00:00,15,3.58,3.59,3.56,3.57,3010600,10764770.0
2025-05-13 10:15:00,600110,2025-05-13,10:15:00,15,3.57,3.57,3.54,3.55,2178600,7750964.0
2025-05-13 10:30:00,600110,2025-05-13,10:30:00,15,3.54,3.56,3.53,3.54,1575100,5584760.0
2025-05-13 10:45:00,600110,2025-05-13,10:45:00,15,3.53,3.54,3.52,3.53,1605700,5664768.0
2025-05-13 11:00:00,600110,2025-05-13,11:00:00,15,3.53,3.54,3.52,3.53,617600,2180996.0
2025-05-13 11:15:00,600110,2025-05-13,11:15:00,15,3.54,3.54,3.52,3.52,1786100,6292400.0
2025-05-13 11:30:00,600110,2025-05-13,11:30:00,15,3.52,3.53,3.51,3.52,520500,1832076.0
2025-05-13 13:15:00,600110,2025-05-13,13:15:00,15,3.52,3.53,3.51,3.52,1135500,3996228.0
2025-05-13 13:30:00,600110,2025-05-13,13:30:00,15,3.53,3.54,3.52,3.54,729900,2576048.0
2025-05-13 13:45:00,600110,2025-05-13,13:45:00,15,3.53,3.54,3.52,3.53,593100,2092948.0
2025-05-13 14:00:00,600110,2025-05-13,14:00:00,15,3.53,3.54,3.52,3.53,720700,2544312.0
2025-05-13 14:15:00,600110,2025-05-13,14:15:00,15,3.52,3.53,3.52,3.53,476100,1677032.0
2025-05-13 14:30:00,600110,2025-05-13,14:30:00,15,3.53,3.53,3.52,3.53,505000,1779520.0
2025-05-13 14:45:00,600110,2025-05-13,14:45:00,15,3.53,3.53,3.51,3.51,1241400,4366800.0
2025-05-13 15:00:00,600110,2025-05-13,15:00:00,15,3.51,3.52,3.51,3.52,1514400,5323744.0
2025-05-14 09:45:00,600110,2025-05-14,09:45:00,15,3.49,3.53,3.47,3.49,5059000,17676066.0
2025-05-14 10:00:00,600110,2025-05-14,10:00:00,15,3.48,3.52,3.47,3.5,2678800,9350774.0
2025-05-14 10:15:00,600110,2025-05-14,10:15:00,15,3.5,3.51,3.48,3.49,1449100,5057152.0
2025-05-14 10:30:00,600110,2025-05-14,10:30:00,15,3.49,3.51,3.49,3.5,1024500,3588040.0
2025-05-14 10:45:00,600110,2025-05-14,10:45:00,15,3.5,3.51,3.48,3.48,660800,2307596.0
2025-05-14 11:00:00,600110,2025-05-14,11:00:00,15,3.48,3.49,3.47,3.48,1193100,4151036.0
2025-05-14 11:15:00,600110,2025-05-14,11:15:00,15,3.47,3.49,3.46,3.47,1535500,5333276.0
2025-05-14 11:30:00,600110,2025-05-14,11:30:00,15,3.47,3.48,3.46,3.47,618100,2143804.0
2025-05-14 13:15:00,600110,2025-05-14,13:15:00,15,3.46,3.48,3.46,3.48,1247300,4325672.0
2025-05-14 13:30:00,600110,2025-05-14,13:30:00,15,3.48,3.49,3.47,3.48,1280300,4458056.0
2025-05-14 13:45:00,600110,2025-05-14,13:45:00,15,3.48,3.53,3.47,3.51,2030000,7111724.0
2025-05-14 14:00:00,600110,2025-05-14,14:00:00,15,3.52,3.53,3.49,3.49,1416300,4966508.0
2025-05-14 14:15:00,600110,2025-05-14,14:15:00,15,3.5,3.5,3.48,3.48,623400,2175656.0
2025-05-14 14:30:00,600110,2025-05-14,14:30:00,15,3.49,3.49,3.48,3.49,1134900,3953312.0
2025-05-14 14:45:00,600110,2025-05-14,14:45:00,15,3.48,3.49,3.48,3.49,470700,1640760.0
2025-05-14 15:00:00,600110,2025-05-14,15:00:00,15,3.49,3.5,3.48,3.49,1657200,5786656.0
2025-05-15 09:45:00,600110,2025-05-15,09:45:00,15,3.53,3.55,3.48,3.5,5672900,19948160.0
2025-05-15 10:00:00,600110,2025-05-15,10:00:00,15,3.49,3.5,3.47,3.49,1654900,5767090.0
2025-05-15 10:15:00,600110,2025-05-15,10:15:00,15,3.48,3.49,3.47,3.49,1240700,4320218.0
2025-05-15 10:30:00,600110,2025-05-15,10:30:00,15,3.48,3.5,3.48,3.49,693100,2418182.0
2025-05-15 10:45:00,600110,2025-05-15,10:45:00,15,3.48,3.5,3.48,3.48,856600,2991764.0
2025-05-15 11:00:00,600110,2025-05-15,11:00:00,15,3.49,3.5,3.48,3.48,476600,1662040.0
2025-05-15 11:15:00,600110,2025-05-15,11:15:00,15,3.48,3.48,3.46,3.47,1038800,3607176.0
2025-05-15 11:30:00,600110,2025-05-15,11:30:00,15,3.47,3.47,3.45,3.47,1102500,3816416.0
2025-05-15 13:15:00,600110,2025-05-15,13:15:00,15,3.47,3.48,3.46,3.47,549000,1903968.0
2025-05-15 13:30:00,600110,2025-05-15,13:30:00,15,3.47,3.47,3.45,3.45,768100,2657020.0
2025-05-15 13:45:00,600110,2025-05-15,13:45:00,15,3.45,3.46,3.44,3.45,1358300,4687016.0
2025-05-15 14:00:00,600110,2025-05-15,14:00:00,15,3.46,3.46,3.44,3.46,656100,2264740.0
2025-05-15 14:15:00,600110,2025-05-15,14:15:00,15,3.45,3.46,3.44,3.45,838100,2890608.0
2025-05-15 14:30:00,600110,2025-05-15,14:30:00,15,3.45,3.47,3.45,3.46,1189600,4113792.0
2025-05-15 14:45:00,600110,2025-05-15,14:45:00,15,3.46,3.47,3.45,3.46,867100,2998264.0
2025-05-15 15:00:00,600110,2025-05-15,15:00:00,15,3.45,3.47,3.45,3.45,1336800,4617184.0
2025-05-16 09:45:00,600110,2025-05-16,09:45:00,15,3.43,3.51,3.43,3.5,4926700,17183358.0
2025-05-16 10:00:00,600110,2025-05-16,10:00:00,15,3.5,3.53,3.49,3.49,3253500,11421782.0
2025-05-16 10:15:00,600110,2025-05-16,10:15:00,15,3.49,3.51,3.49,3.49,1031500,3610362.0
2025-05-16 10:30:00,600110,2025-05-16,10:30:00,15,3.49,3.5,3.48,3.48,633100,2208810.0
2025-05-16 10:45:00,600110,2025-05-16,10:45:00,15,3.48,3.5,3.48,3.5,520800,1818104.0
2025-05-16 11:00:00,600110,2025-05-16,11:00:00,15,3.49,3.5,3.49,3.5,262600,918152.0
2025-05-16 11:15:00,600110,2025-05-16,11:15:00,15,3.49,3.51,3.49,3.49,747500,2615176.0
2025-05-16 11:30:00,600110,2025-05-16,11:30:00,15,3.49,3.5,3.48,3.5,1047700,3657628.0
2025-05-16 13:15:00,600110,2025-05-16,13:15:00,15,3.49,3.5,3.49,3.49,328700,1148520.0
2025-05-16 13:30:00,600110,2025-05-16,13:30:00,15,3.5,3.51,3.49,3.51,2680800,9377084.0
2025-05-16 13:45:00,600110,2025-05-16,13:45:00,15,3.51,3.54,3.5,3.52,2625300,9252080.0
2025-05-16 14:00:00,600110,2025-05-16,14:00:00,15,3.52,3.53,3.5,3.5,1039300,3654380.0
2025-05-16 14:15:00,600110,2025-05-16,14:15:00,15,3.51,3.52,3.5,3.5,684500,2401880.0
2025-05-16 14:30:00,600110,2025-05-16,14:30:00,15,3.51,3.51,3.49,3.49,3043700,10645856.0
2025-05-16 14:45:00,600110,2025-05-16,14:45:00,15,3.5,3.51,3.49,3.5,917900,3213856.0
2025-05-16 15:00:00,600110,2025-05-16,15:00:00,15,3.5,3.51,3.49,3.5,1548500,5419264.0
2025-05-19 09:45:00,600110,2025-05-19,09:45:00,15,3.49,3.5,3.44,3.46,3570000,12356999.0
2025-05-19 10:00:00,600110,2025-05-19,10:00:00,15,3.45,3.48,3.43,3.48,2015200,6954137.0
2025-05-19 10:15:00,600110,2025-05-19,10:15:00,15,3.47,3.48,3.44,3.45,1009200,3486774.0
2025-05-19 10:30:00,600110,2025-05-19,10:30:00,15,3.46,3.47,3.45,3.47,759200,2627100.0
2025-05-19 10:45:00,600110,2025-05-19,10:45:00,15,3.47,3.47,3.45,3.47,993500,3437246.0
2025-05-19 11:00:00,600110,2025-05-19,11:00:00,15,3.46,3.49,3.46,3.48,1328400,4619654.0
2025-05-19 11:15:00,600110,2025-05-19,11:15:00,15,3.48,3.5,3.47,3.49,845000,2947578.0
2025-05-19 11:30:00,600110,2025-05-19,11:30:00,15,3.49,3.5,3.47,3.49,698700,2435256.0
2025-05-19 13:15:00,600110,2025-05-19,13:15:00,15,3.48,3.5,3.47,3.5,539300,1879688.0
2025-05-19 13:30:00,600110,2025-05-19,13:30:00,15,3.5,3.51,3.48,3.5,1202300,4203632.0
2025-05-19 13:45:00,600110,2025-05-19,13:45:00,15,3.49,3.51,3.49,3.51,513000,1796596.0
2025-05-19 14:00:00,600110,2025-05-19,14:00:00,15,3.51,3.51,3.5,3.5,717800,2514880.0
2025-05-19 14:15:00,600110,2025-05-19,14:15:00,15,3.51,3.53,3.5,3.52,985500,3464120.0
2025-05-19 14:30:00,600110,2025-05-19,14:30:00,15,3.52,3.52,3.51,3.52,633100,2222784.0
2025-05-19 14:45:00,600110,2025-05-19,14:45:00,15,3.52,3.52,3.51,3.52,300600,1055828.0
2025-05-19 15:00:00,600110,2025-05-19,15:00:00,15,3.52,3.53,3.51,3.53,2511900,8844388.0
2025-05-20 09:45:00,600110,2025-05-20,09:45:00,15,3.53,3.53,3.49,3.5,2536100,8879303.0
2025-05-20 10:00:00,600110,2025-05-20,10:00:00,15,3.5,3.51,3.49,3.49,851000,2973758.0
2025-05-20 10:15:00,600110,2025-05-20,10:15:00,15,3.49,3.51,3.49,3.5,1176300,4116254.0
2025-05-20 10:30:00,600110,2025-05-20,10:30:00,15,3.51,3.51,3.49,3.49,1072500,3752401.0
2025-05-20 10:45:00,600110,2025-05-20,10:45:00,15,3.49,3.51,3.49,3.49,836300,2925920.0
2025-05-20 11:00:00,600110,2025-05-20,11:00:00,15,3.5,3.5,3.48,3.48,1081200,3771918.0
2025-05-20 11:15:00,600110,2025-05-20,11:15:00,15,3.48,3.49,3.48,3.49,789200,2752184.0
2025-05-20 11:30:00,600110,2025-05-20,11:30:00,15,3.48,3.5,3.48,3.49,477100,1664824.0
2025-05-20 13:15:00,600110,2025-05-20,13:15:00,15,3.5,3.51,3.49,3.5,1237200,4329822.0
2025-05-20 13:30:00,600110,2025-05-20,13:30:00,15,3.5,3.51,3.49,3.49,584000,2039748.0
2025-05-20 13:45:00,600110,2025-05-20,13:45:00,15,3.5,3.51,3.48,3.5,1452700,5075988.0
2025-05-20 14:00:00,600110,2025-05-20,14:00:00,15,3.5,3.51,3.49,3.51,567900,1988208.0
2025-05-20 14:15:00,600110,2025-05-20,14:15:00,15,3.5,3.51,3.49,3.49,330900,1156192.0
2025-05-20 14:30:00,600110,2025-05-20,14:30:00,15,3.49,3.5,3.49,3.49,375000,1309204.0
2025-05-20 14:45:00,600110,2025-05-20,14:45:00,15,3.5,3.5,3.49,3.49,893100,3121168.0
2025-05-20 15:00:00,600110,2025-05-20,15:00:00,15,3.49,3.5,3.49,3.49,1275700,4454552.0
2025-05-21 09:45:00,600110,2025-05-21,09:45:00,15,3.5,3.53,3.47,3.49,3506900,12286634.0
2025-05-21 10:00:00,600110,2025-05-21,10:00:00,15,3.5,3.51,3.47,3.47,1376500,4796164.0
2025-05-21 10:15:00,600110,2025-05-21,10:15:00,15,3.47,3.48,3.46,3.47,1005000,3486114.0
2025-05-21 10:30:00,600110,2025-05-21,10:30:00,15,3.47,3.49,3.46,3.49,1124800,3904534.0
2025-05-21 10:45:00,600110,2025-05-21,10:45:00,15,3.49,3.5,3.48,3.49,1343800,4686876.0
2025-05-21 11:00:00,600110,2025-05-21,11:00:00,15,3.49,3.5,3.47,3.49,1034600,3607834.0
2025-05-21 11:15:00,600110,2025-05-21,11:15:00,15,3.49,3.5,3.48,3.5,704700,2459256.0
2025-05-21 11:30:00,600110,2025-05-21,11:30:00,15,3.49,3.5,3.48,3.49,893200,3118564.0
2025-05-21 13:15:00,600110,2025-05-21,13:15:00,15,3.49,3.5,3.47,3.49,1690700,5897428.0
2025-05-21 13:30:00,600110,2025-05-21,13:30:00,15,3.49,3.5,3.48,3.5,494800,1727124.0
2025-05-21 13:45:00,600110,2025-05-21,13:45:00,15,3.49,3.51,3.49,3.5,1915000,6703868.0
2025-05-21 14:00:00,600110,2025-05-21,14:00:00,15,3.5,3.51,3.49,3.49,863200,3016952.0
2025-05-21 14:15:00,600110,2025-05-21,14:15:00,15,3.5,3.5,3.48,3.49,712800,2487668.0
2025-05-21 14:30:00,600110,2025-05-21,14:30:00,15,3.48,3.5,3.48,3.49,545500,1902332.0
2025-05-21 14:45:00,600110,2025-05-21,14:45:00,15,3.49,3.5,3.48,3.49,628800,2194108.0
2025-05-21 15:00:00,600110,2025-05-21,15:00:00,15,3.49,3.5,3.48,3.49,983100,3431496.0
2025-05-22 09:45:00,600110,2025-05-22,09:45:00,15,3.49,3.52,3.46,3.51,3667400,12775561.0
2025-05-22 10:00:00,600110,2025-05-22,10:00:00,15,3.52,3.53,3.49,3.5,3544400,12457257.0
2025-05-22 10:15:00,600110,2025-05-22,10:15:00,15,3.5,3.5,3.48,3.48,1470300,5130824.0
2025-05-22 10:30:00,600110,2025-05-22,10:30:00,15,3.48,3.49,3.47,3.47,1272900,4429288.0
2025-05-22 10:45:00,600110,2025-05-22,10:45:00,15,3.48,3.48,3.46,3.46,961600,3337148.0
2025-05-22 11:00:00,600110,2025-05-22,11:00:00,15,3.46,3.47,3.43,3.43,2901000,10004040.0
2025-05-22 11:15:00,600110,2025-05-22,11:15:00,15,3.43,3.44,3.43,3.43,921500,3162644.0
2025-05-22 11:30:00,600110,2025-05-22,11:30:00,15,3.43,3.44,3.42,3.43,1043000,3580000.0
2025-05-22 13:15:00,600110,2025-05-22,13:15:00,15,3.44,3.45,3.43,3.43,1363800,4697160.0
2025-05-22 13:30:00,600110,2025-05-22,13:30:00,15,3.44,3.44,3.43,3.43,531300,1823044.0
2025-05-22 13:45:00,600110,2025-05-22,13:45:00,15,3.43,3.44,3.42,3.42,859200,2946220.0
2025-05-22 14:00:00,600110,2025-05-22,14:00:00,15,3.42,3.44,3.42,3.44,431400,1479096.0
2025-05-22 14:15:00,600110,2025-05-22,14:15:00,15,3.43,3.44,3.42,3.42,551800,1891448.0
2025-05-22 14:30:00,600110,2025-05-22,14:30:00,15,3.43,3.43,3.42,3.43,1066300,3651376.0
2025-05-22 14:45:00,600110,2025-05-22,14:45:00,15,3.43,3.44,3.42,3.42,680100,2330528.0
2025-05-22 15:00:00,600110,2025-05-22,15:00:00,15,3.42,3.43,3.41,3.43,1495400,5111808.0
2025-05-23 09:45:00,600110,2025-05-23,09:45:00,15,3.42,3.46,3.39,3.43,3227800,11074721.0
2025-05-23 10:00:00,600110,2025-05-23,10:00:00,15,3.43,3.45,3.42,3.44,1601000,5498026.0
2025-05-23 10:15:00,600110,2025-05-23,10:15:00,15,3.44,3.45,3.42,3.43,1112100,3819869.0
2025-05-23 10:30:00,600110,2025-05-23,10:30:00,15,3.42,3.45,3.42,3.44,874000,3003856.0
2025-05-23 10:45:00,600110,2025-05-23,10:45:00,15,3.44,3.45,3.43,3.43,540600,1861740.0
2025-05-23 11:00:00,600110,2025-05-23,11:00:00,15,3.43,3.45,3.43,3.44,215000,740020.0
2025-05-23 11:15:00,600110,2025-05-23,11:15:00,15,3.45,3.46,3.44,3.46,1268800,4381472.0
2025-05-23 11:30:00,600110,2025-05-23,11:30:00,15,3.45,3.46,3.43,3.43,620900,2139224.0
2025-05-23 13:15:00,600110,2025-05-23,13:15:00,15,3.44,3.44,3.43,3.44,633600,2175908.0
2025-05-23 13:30:00,600110,2025-05-23,13:30:00,15,3.44,3.44,3.43,3.43,299700,1029804.0
2025-05-23 13:45:00,600110,2025-05-23,13:45:00,15,3.43,3.44,3.42,3.43,616400,2114592.0
2025-05-23 14:00:00,600110,2025-05-23,14:00:00,15,3.43,3.43,3.42,3.42,373700,1280784.0
2025-05-23 14:15:00,600110,2025-05-23,14:15:00,15,3.42,3.43,3.4,3.4,1315300,4486560.0
2025-05-23 14:30:00,600110,2025-05-23,14:30:00,15,3.4,3.41,3.39,3.39,1165400,3959712.0
2025-05-23 14:45:00,600110,2025-05-23,14:45:00,15,3.39,3.41,3.38,3.4,1046100,3549592.0
2025-05-23 15:00:00,600110,2025-05-23,15:00:00,15,3.4,3.41,3.38,3.4,906700,3076016.0
2025-05-26 09:45:00,600110,2025-05-26,09:45:00,15,3.4,3.42,3.38,3.41,2457600,8365476.0
2025-05-26 10:00:00,600110,2025-05-26,10:00:00,15,3.41,3.43,3.41,3.42,1036100,3540925.0
2025-05-26 10:15:00,600110,2025-05-26,10:15:00,15,3.41,3.43,3.41,3.41,633700,2166202.0
2025-05-26 10:30:00,600110,2025-05-26,10:30:00,15,3.42,3.43,3.41,3.41,441400,1509123.0
2025-05-26 10:45:00,600110,2025-05-26,10:45:00,15,3.42,3.43,3.41,3.41,468800,1602738.0
2025-05-26 11:00:00,600110,2025-05-26,11:00:00,15,3.42,3.42,3.4,3.4,569900,1944294.0
2025-05-26 11:15:00,600110,2025-05-26,11:15:00,15,3.41,3.41,3.4,3.4,500400,1702994.0
2025-05-26 11:30:00,600110,2025-05-26,11:30:00,15,3.4,3.4,3.38,3.39,697600,2365410.0
2025-05-26 13:15:00,600110,2025-05-26,13:15:00,15,3.39,3.4,3.38,3.4,966900,3275842.0
2025-05-26 13:30:00,600110,2025-05-26,13:30:00,15,3.39,3.4,3.37,3.37,1435100,4856260.0
2025-05-26 13:45:00,600110,2025-05-26,13:45:00,15,3.38,3.39,3.37,3.39,854700,2888752.0
2025-05-26 14:00:00,600110,2025-05-26,14:00:00,15,3.38,3.4,3.38,3.39,2571400,8718260.0
2025-05-26 14:15:00,600110,2025-05-26,14:15:00,15,3.39,3.4,3.38,3.38,589600,1997660.0
2025-05-26 14:30:00,600110,2025-05-26,14:30:00,15,3.39,3.39,3.37,3.38,1097700,3708424.0
2025-05-26 14:45:00,600110,2025-05-26,14:45:00,15,3.38,3.39,3.37,3.38,981100,3314328.0
2025-05-26 15:00:00,600110,2025-05-26,15:00:00,15,3.37,3.38,3.37,3.38,1036200,3497548.0
2025-05-27 09:45:00,600110,2025-05-27,09:45:00,15,3.37,3.37,3.33,3.34,2763100,9260190.0
2025-05-27 10:00:00,600110,2025-05-27,10:00:00,15,3.34,3.37,3.34,3.36,1219400,4089812.0
2025-05-27 10:15:00,600110,2025-05-27,10:15:00,15,3.37,3.37,3.34,3.35,980700,3285980.0
2025-05-27 10:30:00,600110,2025-05-27,10:30:00,15,3.35,3.38,3.34,3.38,1470400,4940456.0
2025-05-27 10:45:00,600110,2025-05-27,10:45:00,15,3.38,3.39,3.36,3.36,1316300,4437796.0
2025-05-27 11:00:00,600110,2025-05-27,11:00:00,15,3.36,3.38,3.36,3.36,840600,2833228.0
2025-05-27 11:15:00,600110,2025-05-27,11:15:00,15,3.36,3.38,3.36,3.36,464400,1565464.0
2025-05-27 11:30:00,600110,2025-05-27,11:30:00,15,3.36,3.37,3.35,3.36,779300,2617728.0
2025-05-27 13:15:00,600110,2025-05-27,13:15:00,15,3.37,3.43,3.36,3.41,4256700,14485568.0
2025-05-27 13:30:00,600110,2025-05-27,13:30:00,15,3.41,3.42,3.39,3.4,575300,1959352.0
2025-05-27 13:45:00,600110,2025-05-27,13:45:00,15,3.4,3.42,3.4,3.41,815700,2780180.0
2025-05-27 14:00:00,600110,2025-05-27,14:00:00,15,3.41,3.41,3.39,3.4,396200,1347316.0
2025-05-27 14:15:00,600110,2025-05-27,14:15:00,15,3.4,3.43,3.4,3.42,3237000,11067680.0
2025-05-27 14:30:00,600110,2025-05-27,14:30:00,15,3.43,3.43,3.42,3.43,718100,2460432.0
2025-05-27 14:45:00,600110,2025-05-27,14:45:00,15,3.42,3.43,3.41,3.41,1308900,4468400.0
2025-05-27 15:00:00,600110,2025-05-27,15:00:00,15,3.4,3.42,3.4,3.42,1221300,4168448.0
2025-05-28 09:45:00,600110,2025-05-28,09:45:00,15,3.42,3.42,3.39,3.4,1341600,4569386.0
2025-05-28 10:00:00,600110,2025-05-28,10:00:00,15,3.39,3.41,3.38,3.41,1205200,4084513.0
2025-05-28 10:15:00,600110,2025-05-28,10:15:00,15,3.4,3.41,3.36,3.37,1734500,5859009.0
2025-05-28 10:30:00,600110,2025-05-28,10:30:00,15,3.36,3.37,3.36,3.37,805700,2709480.0
2025-05-28 10:45:00,600110,2025-05-28,10:45:00,15,3.36,3.37,3.36,3.37,665900,2238000.0
2025-05-28 11:00:00,600110,2025-05-28,11:00:00,15,3.36,3.37,3.36,3.36,738400,2485396.0
2025-05-28 11:15:00,600110,2025-05-28,11:15:00,15,3.36,3.37,3.34,3.35,2101000,7037272.0
2025-05-28 11:30:00,600110,2025-05-28,11:30:00,15,3.35,3.35,3.33,3.35,866900,2895708.0
2025-05-28 13:15:00,600110,2025-05-28,13:15:00,15,3.35,3.35,3.34,3.35,290900,972724.0
2025-05-28 13:30:00,600110,2025-05-28,13:30:00,15,3.35,3.35,3.34,3.34,817200,2735680.0
2025-05-28 13:45:00,600110,2025-05-28,13:45:00,15,3.34,3.36,3.33,3.33,1123000,3753328.0
2025-05-28 14:00:00,600110,2025-05-28,14:00:00,15,3.34,3.35,3.33,3.34,691400,2308572.0
2025-05-28 14:15:00,600110,2025-05-28,14:15:00,15,3.34,3.34,3.33,3.33,638500,2128612.0
2025-05-28 14:30:00,600110,2025-05-28,14:30:00,15,3.33,3.35,3.32,3.35,2056200,6856464.0
2025-05-28 14:45:00,600110,2025-05-28,14:45:00,15,3.34,3.35,3.33,3.34,1040000,3474928.0
2025-05-28 15:00:00,600110,2025-05-28,15:00:00,15,3.34,3.35,3.33,3.34,887900,2965440.0
2025-05-29 09:45:00,600110,2025-05-29,09:45:00,15,3.34,3.39,3.33,3.38,2263300,7625497.0
2025-05-29 10:00:00,600110,2025-05-29,10:00:00,15,3.39,3.4,3.38,3.39,1284300,4351577.0
2025-05-29 10:15:00,600110,2025-05-29,10:15:00,15,3.39,3.4,3.38,3.39,1212700,4109260.0
2025-05-29 10:30:00,600110,2025-05-29,10:30:00,15,3.38,3.39,3.38,3.39,737300,2497420.0
2025-05-29 10:45:00,600110,2025-05-29,10:45:00,15,3.39,3.4,3.38,3.4,845000,2867298.0
2025-05-29 11:00:00,600110,2025-05-29,11:00:00,15,3.4,3.41,3.39,3.4,829900,2820852.0
2025-05-29 11:15:00,600110,2025-05-29,11:15:00,15,3.4,3.41,3.39,3.39,752100,2556256.0
2025-05-29 11:30:00,600110,2025-05-29,11:30:00,15,3.4,3.4,3.39,3.4,320400,1088372.0
2025-05-29 13:15:00,600110,2025-05-29,13:15:00,15,3.39,3.41,3.39,3.4,1169000,3973614.0
2025-05-29 13:30:00,600110,2025-05-29,13:30:00,15,3.41,3.41,3.4,3.4,439500,1497698.0
2025-05-29 13:45:00,600110,2025-05-29,13:45:00,15,3.41,3.41,3.39,3.41,804900,2738744.0
2025-05-29 14:00:00,600110,2025-05-29,14:00:00,15,3.41,3.41,3.4,3.41,406000,1383796.0
2025-05-29 14:15:00,600110,2025-05-29,14:15:00,15,3.4,3.41,3.39,3.39,656500,2230452.0
2025-05-29 14:30:00,600110,2025-05-29,14:30:00,15,3.4,3.4,3.39,3.4,227900,774016.0
2025-05-29 14:45:00,600110,2025-05-29,14:45:00,15,3.4,3.4,3.39,3.39,431100,1464140.0
2025-05-29 15:00:00,600110,2025-05-29,15:00:00,15,3.39,3.4,3.39,3.4,1355100,4599872.0
2025-05-30 09:45:00,600110,2025-05-30,09:45:00,15,3.39,3.4,3.34,3.34,3340700,11221593.0
2025-05-30 10:00:00,600110,2025-05-30,10:00:00,15,3.34,3.35,3.34,3.34,1118500,3736814.0
2025-05-30 10:15:00,600110,2025-05-30,10:15:00,15,3.34,3.36,3.33,3.34,1546500,5168629.0
2025-05-30 10:30:00,600110,2025-05-30,10:30:00,15,3.33,3.34,3.33,3.33,669700,2234548.0
2025-05-30 10:45:00,600110,2025-05-30,10:45:00,15,3.34,3.34,3.32,3.33,1647700,5485268.0
2025-05-30 11:00:00,600110,2025-05-30,11:00:00,15,3.33,3.33,3.32,3.33,718400,2388238.0
2025-05-30 11:15:00,600110,2025-05-30,11:15:00,15,3.32,3.33,3.31,3.31,1354300,4493830.0
2025-05-30 11:30:00,600110,2025-05-30,11:30:00,15,3.31,3.32,3.3,3.31,1456500,4821544.0
2025-05-30 13:15:00,600110,2025-05-30,13:15:00,15,3.31,3.33,3.31,3.32,1478700,4905384.0
2025-05-30 13:30:00,600110,2025-05-30,13:30:00,15,3.33,3.34,3.32,3.33,1089800,3629800.0
2025-05-30 13:45:00,600110,2025-05-30,13:45:00,15,3.33,3.34,3.32,3.33,455000,1515264.0
2025-05-30 14:00:00,600110,2025-05-30,14:00:00,15,3.33,3.34,3.32,3.32,686900,2286012.0
2025-05-30 14:15:00,600110,2025-05-30,14:15:00,15,3.32,3.33,3.32,3.32,428600,1423532.0
2025-05-30 14:30:00,600110,2025-05-30,14:30:00,15,3.33,3.33,3.31,3.32,968500,3215404.0
2025-05-30 14:45:00,600110,2025-05-30,14:45:00,15,3.32,3.32,3.31,3.32,501900,1663164.0
2025-05-30 15:00:00,600110,2025-05-30,15:00:00,15,3.32,3.33,3.31,3.33,1465600,4871504.0
2025-06-03 09:45:00,600110,2025-06-03,09:45:00,15,3.27,3.3,3.24,3.25,8796800,28660654.0
2025-06-03 10:00:00,600110,2025-06-03,10:00:00,15,3.26,3.29,3.25,3.29,1534400,5016322.0
2025-06-03 10:15:00,600110,2025-06-03,10:15:00,15,3.28,3.3,3.26,3.26,1968500,6460992.0
2025-06-03 10:30:00,600110,2025-06-03,10:30:00,15,3.26,3.27,3.26,3.27,751100,2450688.0
2025-06-03 10:45:00,600110,2025-06-03,10:45:00,15,3.26,3.27,3.25,3.26,1061800,3459996.0
2025-06-03 11:00:00,600110,2025-06-03,11:00:00,15,3.25,3.26,3.25,3.26,597100,1944228.0
2025-06-03 11:15:00,600110,2025-06-03,11:15:00,15,3.26,3.27,3.25,3.26,1606100,5236852.0
2025-06-03 11:30:00,600110,2025-06-03,11:30:00,15,3.26,3.27,3.26,3.26,381700,1245132.0
2025-06-03 13:15:00,600110,2025-06-03,13:15:00,15,3.27,3.27,3.25,3.27,1245600,4060816.0
2025-06-03 13:30:00,600110,2025-06-03,13:30:00,15,3.27,3.27,3.25,3.25,797300,2595012.0
2025-06-03 13:45:00,600110,2025-06-03,13:45:00,15,3.26,3.26,3.25,3.25,549200,1786036.0
2025-06-03 14:00:00,600110,2025-06-03,14:00:00,15,3.26,3.26,3.25,3.25,821600,2672224.0
2025-06-03 14:15:00,600110,2025-06-03,14:15:00,15,3.26,3.26,3.25,3.25,953300,3102904.0
2025-06-03 14:30:00,600110,2025-06-03,14:30:00,15,3.26,3.27,3.26,3.26,1141900,3723464.0
2025-06-03 14:45:00,600110,2025-06-03,14:45:00,15,3.27,3.27,3.26,3.26,660600,2157464.0
2025-06-03 15:00:00,600110,2025-06-03,15:00:00,15,3.27,3.27,3.25,3.26,1765800,5757664.0
2025-06-04 09:45:00,600110,2025-06-04,09:45:00,15,3.28,3.42,3.28,3.37,10221800,34284412.0
2025-06-04 10:00:00,600110,2025-06-04,10:00:00,15,3.37,3.38,3.35,3.37,1871600,6291356.0
2025-06-04 10:15:00,600110,2025-06-04,10:15:00,15,3.37,3.43,3.35,3.42,6731200,22848524.0
2025-06-04 10:30:00,600110,2025-06-04,10:30:00,15,3.42,3.59,3.41,3.59,15272500,53853756.0
2025-06-04 10:45:00,600110,2025-06-04,10:45:00,15,3.59,3.59,3.59,3.59,2834100,10174416.0
2025-06-04 11:00:00,600110,2025-06-04,11:00:00,15,3.59,3.59,3.59,3.59,684700,2458072.0
2025-06-04 11:15:00,600110,2025-06-04,11:15:00,15,3.59,3.59,3.59,3.59,574900,2063888.0
2025-06-04 11:30:00,600110,2025-06-04,11:30:00,15,3.59,3.59,3.59,3.59,324000,1163160.0
2025-06-04 13:15:00,600110,2025-06-04,13:15:00,15,3.59,3.59,3.59,3.59,746700,2680656.0
2025-06-04 13:30:00,600110,2025-06-04,13:30:00,15,3.59,3.59,3.59,3.59,247900,889968.0
2025-06-04 13:45:00,600110,2025-06-04,13:45:00,15,3.59,3.59,3.59,3.59,498100,1788368.0
2025-06-04 14:00:00,600110,2025-06-04,14:00:00,15,3.59,3.59,3.59,3.59,211000,757488.0
2025-06-04 14:15:00,600110,2025-06-04,14:15:00,15,3.59,3.59,3.59,3.59,232300,833952.0
2025-06-04 14:30:00,600110,2025-06-04,14:30:00,15,3.59,3.59,3.59,3.59,232700,835392.0
2025-06-04 14:45:00,600110,2025-06-04,14:45:00,15,3.59,3.59,3.59,3.59,407700,1463472.0
2025-06-04 15:00:00,600110,2025-06-04,15:00:00,15,3.59,3.59,3.59,3.59,930500,3340832.0
2025-06-05 09:45:00,600110,2025-06-05,09:45:00,15,3.9,3.9,3.74,3.74,56309600,213721568.0
2025-06-05 10:00:00,600110,2025-06-05,10:00:00,15,3.74,3.85,3.74,3.79,19794200,75049888.0
2025-06-05 10:15:00,600110,2025-06-05,10:15:00,15,3.79,3.8,3.76,3.77,6461300,24388416.0
2025-06-05 10:30:00,600110,2025-06-05,10:30:00,15,3.75,3.77,3.75,3.75,5351100,20108480.0
2025-06-05 10:45:00,600110,2025-06-05,10:45:00,15,3.75,3.77,3.75,3.76,4249300,15962848.0
2025-06-05 11:00:00,600110,2025-06-05,11:00:00,15,3.76,3.77,3.75,3.76,2970600,11165024.0
2025-06-05 11:15:00,600110,2025-06-05,11:15:00,15,3.76,3.78,3.75,3.76,3817000,14368768.0
2025-06-05 11:30:00,600110,2025-06-05,11:30:00,15,3.75,3.76,3.74,3.75,3256400,12218176.0
2025-06-05 13:15:00,600110,2025-06-05,13:15:00,15,3.75,3.76,3.71,3.72,4523000,16886976.0
2025-06-05 13:30:00,600110,2025-06-05,13:30:00,15,3.72,3.73,3.71,3.73,3262400,12135200.0
2025-06-05 13:45:00,600110,2025-06-05,13:45:00,15,3.72,3.73,3.71,3.71,2560100,9518880.0
2025-06-05 14:00:00,600110,2025-06-05,14:00:00,15,3.72,3.72,3.69,3.7,3519800,13039360.0
2025-06-05 14:15:00,600110,2025-06-05,14:15:00,15,3.7,3.7,3.69,3.7,2121000,7838560.0
2025-06-05 14:30:00,600110,2025-06-05,14:30:00,15,3.7,3.7,3.68,3.7,4796100,17712736.0
2025-06-05 14:45:00,600110,2025-06-05,14:45:00,15,3.7,3.74,3.69,3.71,5954500,22124800.0
2025-06-05 15:00:00,600110,2025-06-05,15:00:00,15,3.72,3.73,3.7,3.72,7232900,26850048.0
2025-06-06 09:45:00,600110,2025-06-06,09:45:00,15,3.7,3.79,3.66,3.69,24007000,89231048.0
2025-06-06 10:00:00,600110,2025-06-06,10:00:00,15,3.69,3.72,3.67,3.69,6208000,22877136.0
2025-06-06 10:15:00,600110,2025-06-06,10:15:00,15,3.69,3.79,3.69,3.79,8548400,32011880.0
2025-06-06 10:30:00,600110,2025-06-06,10:30:00,15,3.78,3.84,3.74,3.79,15700200,59626976.0
2025-06-06 10:45:00,600110,2025-06-06,10:45:00,15,3.79,3.8,3.75,3.75,4836500,18216512.0
2025-06-06 11:00:00,600110,2025-06-06,11:00:00,15,3.76,3.76,3.73,3.73,2317800,8677040.0
2025-06-06 11:15:00,600110,2025-06-06,11:15:00,15,3.74,3.74,3.72,3.74,1959000,7302352.0
2025-06-06 11:30:00,600110,2025-06-06,11:30:00,15,3.74,3.74,3.7,3.71,2318700,8620144.0
2025-06-06 13:15:00,600110,2025-06-06,13:15:00,15,3.71,3.71,3.69,3.71,2506100,9273104.0
2025-06-06 13:30:00,600110,2025-06-06,13:30:00,15,3.7,3.71,3.68,3.68,2371400,8751536.0
2025-06-06 13:45:00,600110,2025-06-06,13:45:00,15,3.69,3.69,3.68,3.69,1551900,5717008.0
2025-06-06 14:00:00,600110,2025-06-06,14:00:00,15,3.69,3.69,3.67,3.68,2132400,7851392.0
2025-06-06 14:15:00,600110,2025-06-06,14:15:00,15,3.69,3.7,3.68,3.69,1366600,5040480.0
2025-06-06 14:30:00,600110,2025-06-06,14:30:00,15,3.68,3.7,3.68,3.69,1570600,5796064.0
2025-06-06 14:45:00,600110,2025-06-06,14:45:00,15,3.69,3.7,3.68,3.69,2392200,8822208.0
2025-06-06 15:00:00,600110,2025-06-06,15:00:00,15,3.68,3.69,3.67,3.68,5608900,20655488.0
2025-06-09 09:45:00,600110,2025-06-09,09:45:00,15,3.72,3.78,3.67,3.76,17155700,64206296.0
2025-06-09 10:00:00,600110,2025-06-09,10:00:00,15,3.76,3.8,3.74,3.8,10207800,38506912.0
2025-06-09 10:15:00,600110,2025-06-09,10:15:00,15,3.8,3.8,3.76,3.76,4456800,16836280.0
2025-06-09 10:30:00,600110,2025-06-09,10:30:00,15,3.77,3.77,3.74,3.75,4491300,16856320.0
2025-06-09 10:45:00,600110,2025-06-09,10:45:00,15,3.74,3.78,3.74,3.75,2753700,10367680.0
2025-06-09 11:00:00,600110,2025-06-09,11:00:00,15,3.75,3.77,3.75,3.75,1444700,5428800.0
2025-06-09 11:15:00,600110,2025-06-09,11:15:00,15,3.76,3.77,3.74,3.74,3004800,11280832.0
2025-06-09 11:30:00,600110,2025-06-09,11:30:00,15,3.75,3.76,3.74,3.76,1426500,5349056.0
2025-06-09 13:15:00,600110,2025-06-09,13:15:00,15,3.76,3.78,3.74,3.77,2833200,10641344.0
2025-06-09 13:30:00,600110,2025-06-09,13:30:00,15,3.77,3.78,3.75,3.76,1844900,6941088.0
2025-06-09 13:45:00,600110,2025-06-09,13:45:00,15,3.75,3.76,3.74,3.76,2840100,10654128.0
2025-06-09 14:00:00,600110,2025-06-09,14:00:00,15,3.76,3.76,3.74,3.76,2106800,7905808.0
2025-06-09 14:15:00,600110,2025-06-09,14:15:00,15,3.75,3.76,3.75,3.75,1897500,7118608.0
2025-06-09 14:30:00,600110,2025-06-09,14:30:00,15,3.75,3.76,3.74,3.75,1707700,6407824.0
2025-06-09 14:45:00,600110,2025-06-09,14:45:00,15,3.75,3.76,3.75,3.75,2232300,8378448.0
2025-06-09 15:00:00,600110,2025-06-09,15:00:00,15,3.75,3.77,3.75,3.75,6243700,23454624.0
2025-06-10 09:45:00,600110,2025-06-10,09:45:00,15,3.73,3.8,3.73,3.76,10520300,39545868.0
2025-06-10 10:00:00,600110,2025-06-10,10:00:00,15,3.76,3.79,3.74,3.78,4895100,18462708.0
2025-06-10 10:15:00,600110,2025-06-10,10:15:00,15,3.78,3.78,3.73,3.75,5011200,18775368.0
2025-06-10 10:30:00,600110,2025-06-10,10:30:00,15,3.75,3.79,3.75,3.76,3434700,12945976.0
2025-06-10 10:45:00,600110,2025-06-10,10:45:00,15,3.76,3.8,3.76,3.78,4810800,18199488.0
2025-06-10 11:00:00,600110,2025-06-10,11:00:00,15,3.78,3.78,3.76,3.77,1322000,4985080.0
2025-06-10 11:15:00,600110,2025-06-10,11:15:00,15,3.78,3.79,3.77,3.77,2485200,9390760.0
2025-06-10 11:30:00,600110,2025-06-10,11:30:00,15,3.77,3.78,3.75,3.75,1883900,7090536.0
2025-06-10 13:15:00,600110,2025-06-10,13:15:00,15,3.76,3.76,3.73,3.73,3171700,11880968.0
2025-06-10 13:30:00,600110,2025-06-10,13:30:00,15,3.74,3.74,3.69,3.69,6221400,23086528.0
2025-06-10 13:45:00,600110,2025-06-10,13:45:00,15,3.69,3.72,3.68,3.72,2990700,11063408.0
2025-06-10 14:00:00,600110,2025-06-10,14:00:00,15,3.72,3.72,3.71,3.71,1404700,5218016.0
2025-06-10 14:15:00,600110,2025-06-10,14:15:00,15,3.71,3.72,3.7,3.71,3029900,11232128.0
2025-06-10 14:30:00,600110,2025-06-10,14:30:00,15,3.7,3.72,3.7,3.72,2231400,8268736.0
2025-06-10 14:45:00,600110,2025-06-10,14:45:00,15,3.71,3.72,3.71,3.71,1335900,4964096.0
2025-06-10 15:00:00,600110,2025-06-10,15:00:00,15,3.71,3.73,3.71,3.72,4161900,15483328.0
2025-06-11 09:45:00,600110,2025-06-11,09:45:00,15,3.72,3.82,3.68,3.76,20400800,77054736.0
2025-06-11 10:00:00,600110,2025-06-11,10:00:00,15,3.76,3.77,3.73,3.75,3669600,13765888.0
2025-06-11 10:15:00,600110,2025-06-11,10:15:00,15,3.76,3.77,3.74,3.75,4147500,15565960.0
2025-06-11 10:30:00,600110,2025-06-11,10:30:00,15,3.75,3.76,3.73,3.74,2578000,9649576.0
2025-06-11 10:45:00,600110,2025-06-11,10:45:00,15,3.74,3.74,3.73,3.73,1339600,5001680.0
2025-06-11 11:00:00,600110,2025-06-11,11:00:00,15,3.74,3.74,3.72,3.72,1937200,7225088.0
2025-06-11 11:15:00,600110,2025-06-11,11:15:00,15,3.73,3.74,3.71,3.74,2260100,8407920.0
2025-06-11 11:30:00,600110,2025-06-11,11:30:00,15,3.74,3.74,3.72,3.72,852400,3176480.0
2025-06-11 13:15:00,600110,2025-06-11,13:15:00,15,3.73,3.74,3.71,3.71,2501500,9308208.0
2025-06-11 13:30:00,600110,2025-06-11,13:30:00,15,3.71,3.72,3.71,3.72,1242700,4613760.0
2025-06-11 13:45:00,600110,2025-06-11,13:45:00,15,3.72,3.72,3.7,3.7,1955200,7250704.0
2025-06-11 14:00:00,600110,2025-06-11,14:00:00,15,3.7,3.71,3.7,3.7,1686000,6247584.0
2025-06-11 14:15:00,600110,2025-06-11,14:15:00,15,3.7,3.72,3.7,3.71,1517000,5624576.0
2025-06-11 14:30:00,600110,2025-06-11,14:30:00,15,3.71,3.71,3.7,3.7,915900,3391760.0
2025-06-11 14:45:00,600110,2025-06-11,14:45:00,15,3.71,3.71,3.69,3.7,3017700,11164720.0
2025-06-11 15:00:00,600110,2025-06-11,15:00:00,15,3.7,3.71,3.69,3.71,3320200,12291984.0
2025-06-12 09:45:00,600110,2025-06-12,09:45:00,15,3.68,3.68,3.63,3.65,11219200,40896472.0
2025-06-12 10:00:00,600110,2025-06-12,10:00:00,15,3.65,3.66,3.63,3.64,4020100,14648384.0
2025-06-12 10:15:00,600110,2025-06-12,10:15:00,15,3.64,3.64,3.62,3.63,3797800,13769288.0
2025-06-12 10:30:00,600110,2025-06-12,10:30:00,15,3.63,3.63,3.6,3.61,3917100,14161584.0
2025-06-12 10:45:00,600110,2025-06-12,10:45:00,15,3.61,3.63,3.61,3.61,3214700,11621464.0
2025-06-12 11:00:00,600110,2025-06-12,11:00:00,15,3.61,3.62,3.6,3.61,2345900,8471008.0
2025-06-12 11:15:00,600110,2025-06-12,11:15:00,15,3.62,3.63,3.6,3.61,2310600,8353840.0
2025-06-12 11:30:00,600110,2025-06-12,11:30:00,15,3.61,3.63,3.61,3.63,1596300,5779168.0
2025-06-12 13:15:00,600110,2025-06-12,13:15:00,15,3.63,3.64,3.61,3.63,2541400,9207656.0
2025-06-12 13:30:00,600110,2025-06-12,13:30:00,15,3.64,3.64,3.61,3.61,2561200,9290512.0
2025-06-12 13:45:00,600110,2025-06-12,13:45:00,15,3.61,3.62,3.6,3.61,1943600,7019696.0
2025-06-12 14:00:00,600110,2025-06-12,14:00:00,15,3.6,3.62,3.6,3.61,1810700,6531616.0
2025-06-12 14:15:00,600110,2025-06-12,14:15:00,15,3.61,3.63,3.6,3.62,1881000,6800208.0
2025-06-12 14:30:00,600110,2025-06-12,14:30:00,15,3.62,3.63,3.61,3.61,1380200,4996912.0
2025-06-12 14:45:00,600110,2025-06-12,14:45:00,15,3.62,3.63,3.61,3.63,3035200,10982416.0
2025-06-12 15:00:00,600110,2025-06-12,15:00:00,15,3.63,3.63,3.61,3.62,2652300,9599776.0
2025-06-13 09:45:00,600110,2025-06-13,09:45:00,15,3.6,3.6,3.56,3.57,7532800,26908072.0
2025-06-13 10:00:00,600110,2025-06-13,10:00:00,15,3.57,3.58,3.52,3.52,7118700,25233432.0
2025-06-13 10:15:00,600110,2025-06-13,10:15:00,15,3.52,3.55,3.52,3.54,4215800,14907664.0
2025-06-13 10:30:00,600110,2025-06-13,10:30:00,15,3.55,3.55,3.52,3.53,2972700,10489216.0
2025-06-13 10:45:00,600110,2025-06-13,10:45:00,15,3.52,3.53,3.51,3.51,2591700,9112952.0
2025-06-13 11:00:00,600110,2025-06-13,11:00:00,15,3.51,3.52,3.5,3.5,3564400,12495416.0
2025-06-13 11:15:00,600110,2025-06-13,11:15:00,15,3.5,3.51,3.49,3.51,2165100,7585968.0
2025-06-13 11:30:00,600110,2025-06-13,11:30:00,15,3.51,3.52,3.5,3.5,1985800,6961504.0
2025-06-13 13:15:00,600110,2025-06-13,13:15:00,15,3.51,3.52,3.49,3.5,2592000,9083120.0
2025-06-13 13:30:00,600110,2025-06-13,13:30:00,15,3.5,3.52,3.49,3.51,2036200,7134560.0
2025-06-13 13:45:00,600110,2025-06-13,13:45:00,15,3.51,3.52,3.5,3.5,1873700,6570752.0
2025-06-13 14:00:00,600110,2025-06-13,14:00:00,15,3.5,3.52,3.5,3.5,1805100,6333312.0
2025-06-13 14:15:00,600110,2025-06-13,14:15:00,15,3.5,3.51,3.49,3.5,2436300,8527584.0
2025-06-13 14:30:00,600110,2025-06-13,14:30:00,15,3.51,3.51,3.48,3.48,2057600,7185344.0
2025-06-13 14:45:00,600110,2025-06-13,14:45:00,15,3.49,3.49,3.46,3.47,4420200,15355824.0
2025-06-13 15:00:00,600110,2025-06-13,15:00:00,15,3.47,3.49,3.47,3.48,5993700,20847136.0
2025-06-16 09:45:00,600110,2025-06-16,09:45:00,15,3.48,3.51,3.45,3.47,5692800,19766436.0
2025-06-16 10:00:00,600110,2025-06-16,10:00:00,15,3.47,3.49,3.46,3.48,3088300,10729740.0
2025-06-16 10:15:00,600110,2025-06-16,10:15:00,15,3.48,3.5,3.48,3.49,1889000,6593564.0
2025-06-16 10:30:00,600110,2025-06-16,10:30:00,15,3.49,3.5,3.48,3.5,1197600,4178832.0
2025-06-16 10:45:00,600110,2025-06-16,10:45:00,15,3.5,3.5,3.48,3.48,708300,2469852.0
2025-06-16 11:00:00,600110,2025-06-16,11:00:00,15,3.48,3.5,3.48,3.5,1862300,6499828.0
2025-06-16 11:15:00,600110,2025-06-16,11:15:00,15,3.49,3.5,3.49,3.49,675500,2360412.0
2025-06-16 11:30:00,600110,2025-06-16,11:30:00,15,3.49,3.5,3.49,3.5,1085800,3790312.0
2025-06-16 13:15:00,600110,2025-06-16,13:15:00,15,3.49,3.5,3.49,3.49,600200,2096452.0
2025-06-16 13:30:00,600110,2025-06-16,13:30:00,15,3.5,3.5,3.49,3.5,369300,1291148.0
2025-06-16 13:45:00,600110,2025-06-16,13:45:00,15,3.49,3.5,3.49,3.49,1050300,3670960.0
2025-06-16 14:00:00,600110,2025-06-16,14:00:00,15,3.5,3.51,3.49,3.49,2027700,7096352.0
2025-06-16 14:15:00,600110,2025-06-16,14:15:00,15,3.5,3.51,3.49,3.51,1015900,3558048.0
2025-06-16 14:30:00,600110,2025-06-16,14:30:00,15,3.51,3.51,3.5,3.5,584100,2047760.0
2025-06-16 14:45:00,600110,2025-06-16,14:45:00,15,3.51,3.52,3.5,3.51,1909100,6693688.0
2025-06-16 15:00:00,600110,2025-06-16,15:00:00,15,3.51,3.52,3.5,3.51,1995200,6999200.0
2025-06-17 09:45:00,600110,2025-06-17,09:45:00,15,3.5,3.54,3.5,3.53,3545700,12458707.0
2025-06-17 10:00:00,600110,2025-06-17,10:00:00,15,3.53,3.55,3.52,3.53,2664500,9423373.0
2025-06-17 10:15:00,600110,2025-06-17,10:15:00,15,3.53,3.55,3.53,3.54,1922100,6802308.0
2025-06-17 10:30:00,600110,2025-06-17,10:30:00,15,3.54,3.55,3.52,3.54,3115300,11021724.0
2025-06-17 10:45:00,600110,2025-06-17,10:45:00,15,3.54,3.55,3.53,3.54,1939600,6868568.0
2025-06-17 11:00:00,600110,2025-06-17,11:00:00,15,3.53,3.54,3.53,3.53,563800,1992836.0
2025-06-17 11:15:00,600110,2025-06-17,11:15:00,15,3.53,3.84,3.53,3.77,23993200,89036244.0
2025-06-17 11:30:00,600110,2025-06-17,11:30:00,15,3.76,3.86,3.75,3.86,20213000,77454608.0
2025-06-17 13:15:00,600110,2025-06-17,13:15:00,15,3.86,3.86,3.86,3.86,4046400,15619296.0
2025-06-17 13:30:00,600110,2025-06-17,13:30:00,15,3.86,3.86,3.86,3.86,862900,3330784.0
2025-06-17 13:45:00,600110,2025-06-17,13:45:00,15,3.86,3.86,3.86,3.86,639600,2468864.0
2025-06-17 14:00:00,600110,2025-06-17,14:00:00,15,3.86,3.86,3.86,3.86,1812100,6994704.0
2025-06-17 14:15:00,600110,2025-06-17,14:15:00,15,3.86,3.86,3.86,3.86,3055800,11795392.0
2025-06-17 14:30:00,600110,2025-06-17,14:30:00,15,3.86,3.86,3.86,3.86,542000,2092080.0
2025-06-17 14:45:00,600110,2025-06-17,14:45:00,15,3.86,3.86,3.86,3.86,520000,2007200.0
2025-06-17 15:00:00,600110,2025-06-17,15:00:00,15,3.86,3.86,3.86,3.86,1019200,3934112.0
2025-06-18 09:45:00,600110,2025-06-18,09:45:00,15,3.93,3.93,3.82,3.84,44425600,172290032.0
2025-06-18 10:00:00,600110,2025-06-18,10:00:00,15,3.84,3.89,3.83,3.84,13769600,53120240.0
2025-06-18 10:15:00,600110,2025-06-18,10:15:00,15,3.84,3.86,3.82,3.82,6737800,25879856.0
2025-06-18 10:30:00,600110,2025-06-18,10:30:00,15,3.82,3.85,3.81,3.83,6056900,23186256.0
2025-06-18 10:45:00,600110,2025-06-18,10:45:00,15,3.83,3.85,3.83,3.83,2660800,10219616.0
2025-06-18 11:00:00,600110,2025-06-18,11:00:00,15,3.83,3.84,3.82,3.83,2844300,10886912.0
2025-06-18 11:15:00,600110,2025-06-18,11:15:00,15,3.84,3.84,3.81,3.83,4217000,16132928.0
2025-06-18 11:30:00,600110,2025-06-18,11:30:00,15,3.84,3.84,3.81,3.83,2232200,8530848.0
2025-06-18 13:15:00,600110,2025-06-18,13:15:00,15,3.83,3.84,3.8,3.83,4625800,17674272.0
2025-06-18 13:30:00,600110,2025-06-18,13:30:00,15,3.83,3.84,3.83,3.83,1354400,5194592.0
2025-06-18 13:45:00,600110,2025-06-18,13:45:00,15,3.84,3.9,3.83,3.9,10816000,41809152.0
2025-06-18 14:00:00,600110,2025-06-18,14:00:00,15,3.89,4.25,3.89,4.17,59164300,242026848.0
2025-06-18 14:15:00,600110,2025-06-18,14:15:00,15,4.16,4.25,4.14,4.25,23636000,99741824.0
2025-06-18 14:30:00,600110,2025-06-18,14:30:00,15,4.25,4.25,4.25,4.25,3976900,16901824.0
2025-06-18 14:45:00,600110,2025-06-18,14:45:00,15,4.25,4.25,4.25,4.25,1943300,8259008.0
2025-06-18 15:00:00,600110,2025-06-18,15:00:00,15,4.25,4.25,4.25,4.25,1790500,7609664.0
2025-06-19 09:45:00,600110,2025-06-19,09:45:00,15,4.47,4.68,4.36,4.68,133470600,607992640.0
2025-06-19 10:00:00,600110,2025-06-19,10:00:00,15,4.68,4.68,4.68,4.68,3647500,17070336.0
2025-06-19 10:15:00,600110,2025-06-19,10:15:00,15,4.68,4.68,4.68,4.68,3955600,18512192.0
2025-06-19 10:30:00,600110,2025-06-19,10:30:00,15,4.68,4.68,4.68,4.68,2123300,9937024.0
2025-06-19 10:45:00,600110,2025-06-19,10:45:00,15,4.68,4.68,4.68,4.68,2188200,10240768.0
2025-06-19 11:00:00,600110,2025-06-19,11:00:00,15,4.68,4.68,4.68,4.68,859500,4022464.0
2025-06-19 11:15:00,600110,2025-06-19,11:15:00,15,4.68,4.68,4.68,4.68,1290500,6039552.0
2025-06-19 11:30:00,600110,2025-06-19,11:30:00,15,4.68,4.68,4.68,4.68,1556700,7285376.0
2025-06-19 13:15:00,600110,2025-06-19,13:15:00,15,4.68,4.68,4.63,4.68,43461600,203182080.0
2025-06-19 13:30:00,600110,2025-06-19,13:30:00,15,4.68,4.68,4.68,4.68,10028200,46931968.0
2025-06-19 13:45:00,600110,2025-06-19,13:45:00,15,4.68,4.68,4.68,4.68,4021700,18821568.0
2025-06-19 14:00:00,600110,2025-06-19,14:00:00,15,4.68,4.68,4.61,4.68,36884400,172155904.0
2025-06-19 14:15:00,600110,2025-06-19,14:15:00,15,4.68,4.68,4.68,4.68,5584300,26134528.0
2025-06-19 14:30:00,600110,2025-06-19,14:30:00,15,4.68,4.68,4.68,4.68,2039600,9545344.0
2025-06-19 14:45:00,600110,2025-06-19,14:45:00,15,4.68,4.68,4.68,4.68,2930000,13712512.0
2025-06-19 15:00:00,600110,2025-06-19,15:00:00,15,4.68,4.68,4.68,4.68,2582200,12084608.0
2025-06-20 09:45:00,600110,2025-06-20,09:45:00,15,4.95,5.15,4.9,5.15,115447600,587160323.0
2025-06-20 10:00:00,600110,2025-06-20,10:00:00,15,5.15,5.15,5.15,5.15,4236300,21816959.0
2025-06-20 10:15:00,600110,2025-06-20,10:15:00,15,5.15,5.15,5.15,5.15,1488100,7663674.0
2025-06-20 10:30:00,600110,2025-06-20,10:30:00,15,5.15,5.15,5.15,5.15,2105000,10840384.0
2025-06-20 10:45:00,600110,2025-06-20,10:45:00,15,5.15,5.15,5.15,5.15,571200,2941637.0
2025-06-20 11:00:00,600110,2025-06-20,11:00:00,15,5.15,5.15,5.15,5.15,498800,2568836.0
2025-06-20 11:15:00,600110,2025-06-20,11:15:00,15,5.15,5.15,5.15,5.15,450900,2322112.0
2025-06-20 11:30:00,600110,2025-06-20,11:30:00,15,5.15,5.15,5.15,5.15,304400,1567932.0
2025-06-20 13:15:00,600110,2025-06-20,13:15:00,15,5.15,5.15,5.15,5.15,1941200,9997185.0
2025-06-20 13:30:00,600110,2025-06-20,13:30:00,15,5.15,5.15,5.15,5.15,2027700,10442678.0
2025-06-20 13:45:00,600110,2025-06-20,13:45:00,15,5.15,5.15,5.15,5.15,281300,1448708.0
2025-06-20 14:00:00,600110,2025-06-20,14:00:00,15,5.15,5.15,5.15,5.15,630000,3244486.0
2025-06-20 14:15:00,600110,2025-06-20,14:15:00,15,5.15,5.15,5.15,5.15,677100,3487043.0
2025-06-20 14:30:00,600110,2025-06-20,14:30:00,15,5.15,5.15,5.15,5.15,394000,2029120.0
2025-06-20 14:45:00,600110,2025-06-20,14:45:00,15,5.15,5.15,5.15,5.15,413900,2131573.0
2025-06-20 15:00:00,600110,2025-06-20,15:00:00,15,5.15,5.15,5.15,5.15,823700,4242183.0
2025-06-23 09:45:00,600110,2025-06-23,09:45:00,15,5.15,5.37,5.0,5.2,180968200,943955197.0
2025-06-23 10:00:00,600110,2025-06-23,10:00:00,15,5.2,5.4,5.14,5.29,53529600,283027971.0
2025-06-23 10:15:00,600110,2025-06-23,10:15:00,15,5.27,5.32,5.21,5.28,22742500,119833596.0
2025-06-23 10:30:00,600110,2025-06-23,10:30:00,15,5.27,5.32,5.2,5.26,19498900,102518020.0
2025-06-23 10:45:00,600110,2025-06-23,10:45:00,15,5.26,5.39,5.26,5.33,18757500,100024192.0
2025-06-23 11:00:00,600110,2025-06-23,11:00:00,15,5.33,5.34,5.28,5.31,8056600,42767872.0
2025-06-23 11:15:00,600110,2025-06-23,11:15:00,15,5.31,5.39,5.22,5.36,18792900,99855616.0
2025-06-23 11:30:00,600110,2025-06-23,11:30:00,15,5.36,5.58,5.32,5.53,28116200,153131264.0
2025-06-23 13:15:00,600110,2025-06-23,13:15:00,15,5.52,5.52,5.35,5.38,12495100,68095616.0
2025-06-23 13:30:00,600110,2025-06-23,13:30:00,15,5.39,5.46,5.36,5.37,8682500,47032960.0
2025-06-23 13:45:00,600110,2025-06-23,13:45:00,15,5.37,5.58,5.37,5.54,13381200,73328128.0
2025-06-23 14:00:00,600110,2025-06-23,14:00:00,15,5.54,5.66,5.5,5.62,18430600,103359104.0
2025-06-23 14:15:00,600110,2025-06-23,14:15:00,15,5.62,5.63,5.58,5.58,6510300,36417280.0
2025-06-23 14:30:00,600110,2025-06-23,14:30:00,15,5.58,5.59,5.46,5.51,11582900,63840000.0
2025-06-23 14:45:00,600110,2025-06-23,14:45:00,15,5.51,5.6,5.48,5.55,11865800,65707520.0
2025-06-23 15:00:00,600110,2025-06-23,15:00:00,15,5.55,5.67,5.53,5.67,44761100,253314816.0
2025-06-24 09:45:00,600110,2025-06-24,09:45:00,15,5.52,6.09,5.52,5.98,171205700,1009072320.0
2025-06-24 10:00:00,600110,2025-06-24,10:00:00,15,5.97,6.24,5.93,6.24,75721700,465728320.0
2025-06-24 10:15:00,600110,2025-06-24,10:15:00,15,6.24,6.24,6.04,6.11,62101300,382452096.0
2025-06-24 10:30:00,600110,2025-06-24,10:30:00,15,6.11,6.14,6.06,6.08,16290100,99451904.0
2025-06-24 10:45:00,600110,2025-06-24,10:45:00,15,6.08,6.13,6.06,6.12,11978200,73018112.0
2025-06-24 11:00:00,600110,2025-06-24,11:00:00,15,6.11,6.12,5.85,5.87,22507100,134971008.0
2025-06-24 11:15:00,600110,2025-06-24,11:15:00,15,5.85,6.0,5.85,5.96,16709900,99258624.0
2025-06-24 11:30:00,600110,2025-06-24,11:30:00,15,5.96,6.08,5.95,6.08,9637600,57989376.0
2025-06-24 13:15:00,600110,2025-06-24,13:15:00,15,6.09,6.24,6.08,6.19,31508300,194717952.0
2025-06-24 13:30:00,600110,2025-06-24,13:30:00,15,6.19,6.21,6.13,6.16,11424500,70605568.0
2025-06-24 13:45:00,600110,2025-06-24,13:45:00,15,6.16,6.24,6.16,6.24,21959100,136748800.0
2025-06-24 14:00:00,600110,2025-06-24,14:00:00,15,6.24,6.24,6.24,6.24,1837100,11463424.0
2025-06-24 14:15:00,600110,2025-06-24,14:15:00,15,6.24,6.24,6.24,6.24,1338900,8354816.0
2025-06-24 14:30:00,600110,2025-06-24,14:30:00,15,6.24,6.24,6.24,6.24,664300,4145152.0
2025-06-24 14:45:00,600110,2025-06-24,14:45:00,15,6.24,6.24,6.24,6.24,793700,4952832.0
2025-06-24 15:00:00,600110,2025-06-24,15:00:00,15,6.24,6.24,6.24,6.24,1198900,7481088.0
2025-06-25 09:45:00,600110,2025-06-25,09:45:00,15,6.4,6.5,6.11,6.16,176745000,1121575424.0
2025-06-25 10:00:00,600110,2025-06-25,10:00:00,15,6.17,6.57,6.16,6.49,71826000,456714880.0
2025-06-25 10:15:00,600110,2025-06-25,10:15:00,15,6.49,6.57,6.35,6.54,38062200,245682816.0
2025-06-25 10:30:00,600110,2025-06-25,10:30:00,15,6.55,6.62,6.4,6.4,29056300,189507712.0
2025-06-25 10:45:00,600110,2025-06-25,10:45:00,15,6.4,6.55,6.39,6.49,12165400,78844160.0
2025-06-25 11:00:00,600110,2025-06-25,11:00:00,15,6.49,6.54,6.4,6.48,10187000,65929856.0
2025-06-25 11:15:00,600110,2025-06-25,11:15:00,15,6.48,6.55,6.45,6.53,7760400,50436608.0
2025-06-25 11:30:00,600110,2025-06-25,11:30:00,15,6.52,6.53,6.48,6.49,6339200,41233664.0
2025-06-25 13:15:00,600110,2025-06-25,13:15:00,15,6.49,6.54,6.4,6.54,14675300,95124224.0
2025-06-25 13:30:00,600110,2025-06-25,13:30:00,15,6.54,6.75,6.51,6.68,24525500,163323136.0
2025-06-25 13:45:00,600110,2025-06-25,13:45:00,15,6.68,6.73,6.6,6.72,10101700,67288576.0
2025-06-25 14:00:00,600110,2025-06-25,14:00:00,15,6.72,6.85,6.72,6.8,27071900,184398336.0
2025-06-25 14:15:00,600110,2025-06-25,14:15:00,15,6.79,6.86,6.79,6.86,35187500,241134592.0
2025-06-25 14:30:00,600110,2025-06-25,14:30:00,15,6.86,6.86,6.86,6.86,3621400,24842752.0
2025-06-25 14:45:00,600110,2025-06-25,14:45:00,15,6.86,6.86,6.86,6.86,7494900,51415040.0
2025-06-25 15:00:00,600110,2025-06-25,15:00:00,15,6.86,6.86,6.86,6.86,4137900,28385792.0
2025-06-26 09:45:00,600110,2025-06-26,09:45:00,15,6.85,7.38,6.6,7.22,171711200,1213075584.0
2025-06-26 10:00:00,600110,2025-06-26,10:00:00,15,7.23,7.47,7.23,7.33,46164100,340070400.0
2025-06-26 10:15:00,600110,2025-06-26,10:15:00,15,7.33,7.5,7.31,7.47,25173200,186900096.0
2025-06-26 10:30:00,600110,2025-06-26,10:30:00,15,7.47,7.5,7.32,7.32,21218500,158128000.0
2025-06-26 10:45:00,600110,2025-06-26,10:45:00,15,7.32,7.42,7.3,7.39,14024300,103247488.0
2025-06-26 11:00:00,600110,2025-06-26,11:00:00,15,7.39,7.49,7.31,7.43,11601900,85710720.0
2025-06-26 11:15:00,600110,2025-06-26,11:15:00,15,7.44,7.49,7.41,7.44,7468900,55681664.0
2025-06-26 11:30:00,600110,2025-06-26,11:30:00,15,7.43,7.48,7.41,7.47,6571800,48905216.0
2025-06-26 13:15:00,600110,2025-06-26,13:15:00,15,7.46,7.55,7.46,7.55,36012200,271541248.0
2025-06-26 13:30:00,600110,2025-06-26,13:30:00,15,7.55,7.55,7.55,7.55,3948000,29807360.0
2025-06-26 13:45:00,600110,2025-06-26,13:45:00,15,7.55,7.55,7.55,7.55,1665900,12577536.0
2025-06-26 14:00:00,600110,2025-06-26,14:00:00,15,7.55,7.55,7.3,7.47,61639900,461096960.0
2025-06-26 14:15:00,600110,2025-06-26,14:15:00,15,7.47,7.55,7.46,7.55,26636100,200620032.0
2025-06-26 14:30:00,600110,2025-06-26,14:30:00,15,7.55,7.55,7.44,7.52,26085700,196339712.0
2025-06-26 14:45:00,600110,2025-06-26,14:45:00,15,7.51,7.51,7.36,7.41,29342200,218391296.0
2025-06-26 15:00:00,600110,2025-06-26,15:00:00,15,7.4,7.55,7.2,7.2,83941900,623407872.0
2025-06-27 09:45:00,600110,2025-06-27,09:45:00,15,7.34,7.43,6.93,7.02,170023900,1232058368.0
2025-06-27 10:00:00,600110,2025-06-27,10:00:00,15,7.02,7.19,6.9,7.01,43073800,302938368.0
2025-06-27 10:15:00,600110,2025-06-27,10:15:00,15,7.01,7.26,7.01,7.14,28649700,204627588.0
2025-06-27 10:30:00,600110,2025-06-27,10:30:00,15,7.14,7.14,6.93,7.0,25306100,177621884.0
2025-06-27 10:45:00,600110,2025-06-27,10:45:00,15,6.99,7.06,6.92,6.92,16257500,113350272.0
2025-06-27 11:00:00,600110,2025-06-27,11:00:00,15,6.92,7.06,6.92,7.03,11319400,79062144.0
2025-06-27 11:15:00,600110,2025-06-27,11:15:00,15,7.02,7.12,6.98,6.99,9879500,69352192.0
2025-06-27 11:30:00,600110,2025-06-27,11:30:00,15,7.0,7.06,6.96,7.02,7016700,49131776.0
2025-06-27 13:15:00,600110,2025-06-27,13:15:00,15,7.02,7.02,6.85,6.88,24414100,168554496.0
2025-06-27 13:30:00,600110,2025-06-27,13:30:00,15,6.87,6.92,6.69,6.75,27367500,185772800.0
2025-06-27 13:45:00,600110,2025-06-27,13:45:00,15,6.75,6.81,6.59,6.65,26951500,180669184.0
2025-06-27 14:00:00,600110,2025-06-27,14:00:00,15,6.6,6.74,6.59,6.67,19310400,128463616.0
2025-06-27 14:15:00,600110,2025-06-27,14:15:00,15,6.66,6.94,6.66,6.91,25193800,171744000.0
2025-06-27 14:30:00,600110,2025-06-27,14:30:00,15,6.88,6.9,6.75,6.85,11697800,79939584.0
2025-06-27 14:45:00,600110,2025-06-27,14:45:00,15,6.86,7.16,6.85,6.97,36291000,254915584.0
2025-06-27 15:00:00,600110,2025-06-27,15:00:00,15,6.97,6.98,6.82,6.82,31553200,217073152.0
2025-06-30 09:45:00,600110,2025-06-30,09:45:00,15,6.77,6.81,6.31,6.48,123404000,807123520.0
2025-06-30 10:00:00,600110,2025-06-30,10:00:00,15,6.46,6.58,6.42,6.52,33955200,220711360.0
2025-06-30 10:15:00,600110,2025-06-30,10:15:00,15,6.51,6.52,6.4,6.52,25577700,164735108.0
2025-06-30 10:30:00,600110,2025-06-30,10:30:00,15,6.51,6.74,6.51,6.63,29297900,194310396.0
2025-06-30 10:45:00,600110,2025-06-30,10:45:00,15,6.63,6.67,6.59,6.64,8758600,57981568.0
2025-06-30 11:00:00,600110,2025-06-30,11:00:00,15,6.65,6.73,6.62,6.69,10073600,67290752.0
2025-06-30 11:15:00,600110,2025-06-30,11:15:00,15,6.69,6.96,6.69,6.75,37211300,254572928.0
2025-06-30 11:30:00,600110,2025-06-30,11:30:00,15,6.75,6.85,6.72,6.82,10189400,69136384.0
2025-06-30 13:15:00,600110,2025-06-30,13:15:00,15,6.81,6.97,6.81,6.95,23741500,164288384.0
2025-06-30 13:30:00,600110,2025-06-30,13:30:00,15,6.95,6.95,6.88,6.88,14189300,98089088.0
2025-06-30 13:45:00,600110,2025-06-30,13:45:00,15,6.88,6.89,6.81,6.88,12166900,83356928.0
2025-06-30 14:00:00,600110,2025-06-30,14:00:00,15,6.88,6.95,6.85,6.9,13049100,90214912.0
2025-06-30 14:15:00,600110,2025-06-30,14:15:00,15,6.9,6.94,6.84,6.92,10925500,75305472.0
2025-06-30 14:30:00,600110,2025-06-30,14:30:00,15,6.92,6.92,6.72,6.81,15908900,108221696.0
2025-06-30 14:45:00,600110,2025-06-30,14:45:00,15,6.8,6.82,6.7,6.76,14460700,97745152.0
2025-06-30 15:00:00,600110,2025-06-30,15:00:00,15,6.76,6.99,6.75,6.99,49399900,341126144.0
2025-07-01 09:45:00,600110,2025-07-01,09:45:00,15,6.91,6.91,6.63,6.69,79857400,541782912.0
2025-07-01 10:00:00,600110,2025-07-01,10:00:00,15,6.69,6.76,6.66,6.66,25255800,169221756.0
2025-07-01 10:15:00,600110,2025-07-01,10:15:00,15,6.66,6.67,6.5,6.55,43552800,287068420.0
2025-07-01 10:30:00,600110,2025-07-01,10:30:00,15,6.55,6.55,6.42,6.47,34860000,225737984.0
2025-07-01 10:45:00,600110,2025-07-01,10:45:00,15,6.47,6.48,6.41,6.43,17024900,109649024.0
2025-07-01 11:00:00,600110,2025-07-01,11:00:00,15,6.43,6.44,6.3,6.4,28243900,179746688.0
2025-07-01 11:15:00,600110,2025-07-01,11:15:00,15,6.43,6.43,6.3,6.32,18179100,115195520.0
2025-07-01 11:30:00,600110,2025-07-01,11:30:00,15,6.32,6.38,6.29,6.34,23654100,149209216.0
2025-07-01 13:15:00,600110,2025-07-01,13:15:00,15,6.35,6.46,6.29,6.4,26807200,169726336.0
2025-07-01 13:30:00,600110,2025-07-01,13:30:00,15,6.41,6.5,6.41,6.44,12716600,82277888.0
2025-07-01 13:45:00,600110,2025-07-01,13:45:00,15,6.44,6.46,6.36,6.36,8300500,53108736.0
2025-07-01 14:00:00,600110,2025-07-01,14:00:00,15,6.36,6.43,6.32,6.33,9571800,60906240.0
2025-07-01 14:15:00,600110,2025-07-01,14:15:00,15,6.32,6.37,6.31,6.32,7451500,47221376.0
2025-07-01 14:30:00,600110,2025-07-01,14:30:00,15,6.33,6.33,6.29,6.3,26431400,166461184.0
2025-07-01 14:45:00,600110,2025-07-01,14:45:00,15,6.29,6.45,6.29,6.37,19545200,123354624.0
2025-07-01 15:00:00,600110,2025-07-01,15:00:00,15,6.35,6.4,6.29,6.29,24459200,154236672.0
2025-07-02 09:45:00,600110,2025-07-02,09:45:00,15,6.03,6.16,5.91,6.05,71110500,428299488.0
2025-07-02 10:00:00,600110,2025-07-02,10:00:00,15,6.05,6.09,6.03,6.06,15881400,96140352.0
2025-07-02 10:15:00,600110,2025-07-02,10:15:00,15,6.06,6.07,5.99,6.04,19658600,118238749.0
2025-07-02 10:30:00,600110,2025-07-02,10:30:00,15,6.03,6.03,5.95,5.98,17012800,101836866.0
2025-07-02 10:45:00,600110,2025-07-02,10:45:00,15,5.98,6.02,5.91,6.01,21625800,128709693.0
2025-07-02 11:00:00,600110,2025-07-02,11:00:00,15,6.01,6.05,5.97,5.99,8252400,49616197.0
2025-07-02 11:15:00,600110,2025-07-02,11:15:00,15,5.99,6.0,5.95,5.97,6128000,36588219.0
2025-07-02 11:30:00,600110,2025-07-02,11:30:00,15,5.96,5.99,5.95,5.95,5080800,30308288.0
2025-07-02 13:15:00,600110,2025-07-02,13:15:00,15,5.96,6.0,5.91,5.92,10529400,62571716.0
2025-07-02 13:30:00,600110,2025-07-02,13:30:00,15,5.93,5.97,5.82,5.94,24754400,145403584.0
2025-07-02 13:45:00,600110,2025-07-02,13:45:00,15,5.94,5.94,5.84,5.85,9336600,54855168.0
2025-07-02 14:00:00,600110,2025-07-02,14:00:00,15,5.85,5.86,5.78,5.78,14756500,85927296.0
2025-07-02 14:15:00,600110,2025-07-02,14:15:00,15,5.78,5.82,5.75,5.78,16623600,96181248.0
2025-07-02 14:30:00,600110,2025-07-02,14:30:00,15,5.79,5.81,5.75,5.78,11919700,68790400.0
2025-07-02 14:45:00,600110,2025-07-02,14:45:00,15,5.77,5.87,5.77,5.8,13301000,77338880.0
2025-07-02 15:00:00,600110,2025-07-02,15:00:00,15,5.8,5.81,5.77,5.77,27397000,158372224.0
2025-07-03 09:45:00,600110,2025-07-03,09:45:00,15,5.8,5.86,5.68,5.68,45906700,265576224.0
2025-07-03 10:00:00,600110,2025-07-03,10:00:00,15,5.68,5.79,5.68,5.78,20914900,119741792.0
2025-07-03 10:15:00,600110,2025-07-03,10:15:00,15,5.78,5.82,5.76,5.79,12567100,72759008.0
2025-07-03 10:30:00,600110,2025-07-03,10:30:00,15,5.78,5.79,5.76,5.78,7404400,42777664.0
2025-07-03 10:45:00,600110,2025-07-03,10:45:00,15,5.77,5.82,5.77,5.8,8266400,47885466.0
2025-07-03 11:00:00,600110,2025-07-03,11:00:00,15,5.79,5.8,5.77,5.78,5150800,29799870.0
2025-07-03 11:15:00,600110,2025-07-03,11:15:00,15,5.77,5.81,5.76,5.8,6056000,35019328.0
2025-07-03 11:30:00,600110,2025-07-03,11:30:00,15,5.8,5.93,5.8,5.85,25668000,150521800.0
2025-07-03 13:15:00,600110,2025-07-03,13:15:00,15,5.86,5.96,5.82,5.94,29761300,175892096.0
2025-07-03 13:30:00,600110,2025-07-03,13:30:00,15,5.94,5.94,5.87,5.9,13090400,77337472.0
2025-07-03 13:45:00,600110,2025-07-03,13:45:00,15,5.9,6.15,5.9,6.09,43889900,265344384.0
2025-07-03 14:00:00,600110,2025-07-03,14:00:00,15,6.09,6.15,6.02,6.05,21415100,130200448.0
2025-07-03 14:15:00,600110,2025-07-03,14:15:00,15,6.04,6.08,6.03,6.05,11265600,68219776.0
2025-07-03 14:30:00,600110,2025-07-03,14:30:00,15,6.05,6.06,6.01,6.03,7141000,43065344.0
2025-07-03 14:45:00,600110,2025-07-03,14:45:00,15,6.02,6.03,5.96,6.0,12435900,74549760.0
2025-07-03 15:00:00,600110,2025-07-03,15:00:00,15,6.0,6.0,5.98,5.99,19651200,117709568.0
2025-07-04 09:45:00,600110,2025-07-04,09:45:00,15,5.9,5.94,5.77,5.77,52594800,307630112.0
2025-07-04 10:00:00,600110,2025-07-04,10:00:00,15,5.76,5.81,5.71,5.77,23917000,137864704.0
2025-07-04 10:15:00,600110,2025-07-04,10:15:00,15,5.77,5.86,5.75,5.8,12839000,74552480.0
2025-07-04 10:30:00,600110,2025-07-04,10:30:00,15,5.81,5.86,5.76,5.83,10943700,63603453.0
2025-07-04 10:45:00,600110,2025-07-04,10:45:00,15,5.83,5.9,5.83,5.86,9053200,53124615.0
2025-07-04 11:00:00,600110,2025-07-04,11:00:00,15,5.86,5.91,5.83,5.89,8560700,50259764.0
2025-07-04 11:15:00,600110,2025-07-04,11:15:00,15,5.89,5.94,5.85,5.94,5933200,34955784.0
2025-07-04 11:30:00,600110,2025-07-04,11:30:00,15,5.94,5.97,5.91,5.93,6346300,37685824.0
2025-07-04 13:15:00,600110,2025-07-04,13:15:00,15,5.93,6.09,5.93,6.08,21417300,129227840.0
2025-07-04 13:30:00,600110,2025-07-04,13:30:00,15,6.07,6.07,6.02,6.04,8936500,53990016.0
2025-07-04 13:45:00,600110,2025-07-04,13:45:00,15,6.03,6.05,6.0,6.02,9654300,58203072.0
2025-07-04 14:00:00,600110,2025-07-04,14:00:00,15,6.02,6.03,5.93,5.95,8137100,48565632.0
2025-07-04 14:15:00,600110,2025-07-04,14:15:00,15,5.95,5.99,5.92,5.99,7215000,42911296.0
2025-07-04 14:30:00,600110,2025-07-04,14:30:00,15,5.99,6.02,5.96,5.96,6964700,41707904.0
2025-07-04 14:45:00,600110,2025-07-04,14:45:00,15,5.97,5.99,5.89,5.9,10634000,63239936.0
2025-07-04 15:00:00,600110,2025-07-04,15:00:00,15,5.9,5.94,5.9,5.94,16902600,100117888.0
2025-07-07 09:45:00,600110,2025-07-07,09:45:00,15,5.86,6.06,5.83,5.95,38322400,228579424.0
2025-07-07 10:00:00,600110,2025-07-07,10:00:00,15,5.95,5.98,5.91,5.96,12301400,73186912.0
2025-07-07 10:15:00,600110,2025-07-07,10:15:00,15,5.96,6.0,5.94,5.99,8497800,50748608.0
2025-07-07 10:30:00,600110,2025-07-07,10:30:00,15,5.99,5.99,5.96,5.98,5145900,30753248.0
2025-07-07 10:45:00,600110,2025-07-07,10:45:00,15,5.97,6.04,5.97,5.99,11184300,67173856.0
2025-07-07 11:00:00,600110,2025-07-07,11:00:00,15,5.98,6.01,5.97,6.01,5449200,32638528.0
2025-07-07 11:15:00,600110,2025-07-07,11:15:00,15,6.01,6.1,5.99,6.06,17169900,103895934.0
2025-07-07 11:30:00,600110,2025-07-07,11:30:00,15,6.06,6.06,6.03,6.05,7232500,43724156.0
2025-07-07 13:15:00,600110,2025-07-07,13:15:00,15,6.05,6.08,6.04,6.05,9289200,56238342.0
2025-07-07 13:30:00,600110,2025-07-07,13:30:00,15,6.05,6.05,6.01,6.02,6353900,38319422.0
2025-07-07 13:45:00,600110,2025-07-07,13:45:00,15,6.03,6.05,6.02,6.04,5130900,30979268.0
2025-07-07 14:00:00,600110,2025-07-07,14:00:00,15,6.04,6.05,6.0,6.01,6752300,40683898.0
2025-07-07 14:15:00,600110,2025-07-07,14:15:00,15,6.01,6.01,5.98,5.98,9500700,56918983.0
2025-07-07 14:30:00,600110,2025-07-07,14:30:00,15,5.99,5.99,5.97,5.98,6326000,37842623.0
2025-07-07 14:45:00,600110,2025-07-07,14:45:00,15,5.98,6.03,5.98,6.02,9761900,58656892.0
2025-07-07 15:00:00,600110,2025-07-07,15:00:00,15,6.03,6.06,6.02,6.06,25523700,154225794.0
2025-07-08 09:45:00,600110,2025-07-08,09:45:00,15,6.0,6.15,5.98,6.02,37341300,226546720.0
2025-07-08 10:00:00,600110,2025-07-08,10:00:00,15,6.03,6.14,6.02,6.14,20932800,127665984.0
2025-07-08 10:15:00,600110,2025-07-08,10:15:00,15,6.14,6.14,6.09,6.1,16143500,98817824.0
2025-07-08 10:30:00,600110,2025-07-08,10:30:00,15,6.1,6.14,6.09,6.14,9298000,56845504.0
2025-07-08 10:45:00,600110,2025-07-08,10:45:00,15,6.14,6.25,6.13,6.18,33049100,204670400.0
2025-07-08 11:00:00,600110,2025-07-08,11:00:00,15,6.18,6.18,6.14,6.15,11691500,72045562.0
2025-07-08 11:15:00,600110,2025-07-08,11:15:00,15,6.14,6.24,6.14,6.2,16051700,99541126.0
2025-07-08 11:30:00,600110,2025-07-08,11:30:00,15,6.2,6.23,6.18,6.23,11071500,68761600.0
2025-07-08 13:15:00,600110,2025-07-08,13:15:00,15,6.23,6.25,6.21,6.22,12972500,80870016.0
2025-07-08 13:30:00,600110,2025-07-08,13:30:00,15,6.22,6.23,6.18,6.19,8663300,53806460.0
2025-07-08 13:45:00,600110,2025-07-08,13:45:00,15,6.19,6.2,6.18,6.19,5372200,33267846.0
2025-07-08 14:00:00,600110,2025-07-08,14:00:00,15,6.19,6.22,6.19,6.19,6534700,40544894.0
2025-07-08 14:15:00,600110,2025-07-08,14:15:00,15,6.19,6.2,6.15,6.16,11752700,72515712.0
2025-07-08 14:30:00,600110,2025-07-08,14:30:00,15,6.17,6.22,6.16,6.22,7687200,47531392.0
2025-07-08 14:45:00,600110,2025-07-08,14:45:00,15,6.22,6.22,6.2,6.2,9567500,59374976.0
2025-07-08 15:00:00,600110,2025-07-08,15:00:00,15,6.2,6.23,6.19,6.23,22015200,136620544.0
2025-07-09 09:45:00,600110,2025-07-09,09:45:00,15,6.23,6.23,6.06,6.09,39246400,240281728.0
2025-07-09 10:00:00,600110,2025-07-09,10:00:00,15,6.09,6.1,6.01,6.07,31484000,190342144.0
2025-07-09 10:15:00,600110,2025-07-09,10:15:00,15,6.08,6.08,6.04,6.05,14554700,88145248.0
2025-07-09 10:30:00,600110,2025-07-09,10:30:00,15,6.05,6.17,6.05,6.12,12065400,73878567.0
2025-07-09 10:45:00,600110,2025-07-09,10:45:00,15,6.13,6.2,6.1,6.16,10524300,64788729.0
2025-07-09 11:00:00,600110,2025-07-09,11:00:00,15,6.16,6.16,6.1,6.11,5611800,34353798.0
2025-07-09 11:15:00,600110,2025-07-09,11:15:00,15,6.11,6.11,6.06,6.07,6535300,39714803.0
2025-07-09 11:30:00,600110,2025-07-09,11:30:00,15,6.06,6.08,6.05,6.06,6084200,36880774.0
2025-07-09 13:15:00,600110,2025-07-09,13:15:00,15,6.06,6.06,5.99,5.99,18919100,113961541.0
2025-07-09 13:30:00,600110,2025-07-09,13:30:00,15,5.98,6.01,5.88,5.88,22577300,134651196.0
2025-07-09 13:45:00,600110,2025-07-09,13:45:00,15,5.89,5.96,5.88,5.93,14456500,85676928.0
2025-07-09 14:00:00,600110,2025-07-09,14:00:00,15,5.93,5.99,5.91,5.96,8328500,49476736.0
2025-07-09 14:15:00,600110,2025-07-09,14:15:00,15,5.97,5.98,5.9,5.9,10623000,62961152.0
2025-07-09 14:30:00,600110,2025-07-09,14:30:00,15,5.91,5.95,5.91,5.92,7887800,46697216.0
2025-07-09 14:45:00,600110,2025-07-09,14:45:00,15,5.92,5.92,5.86,5.86,17535700,103319168.0
2025-07-09 15:00:00,600110,2025-07-09,15:00:00,15,5.86,5.93,5.86,5.92,17203900,101415552.0
2025-07-10 09:45:00,600110,2025-07-10,09:45:00,15,5.86,5.91,5.77,5.83,35112500,204208736.0
2025-07-10 10:00:00,600110,2025-07-10,10:00:00,15,5.83,5.85,5.74,5.74,18430800,106665120.0
2025-07-10 10:15:00,600110,2025-07-10,10:15:00,15,5.75,5.92,5.75,5.92,18079400,105405024.0
2025-07-10 10:30:00,600110,2025-07-10,10:30:00,15,5.92,6.21,5.92,6.1,66150000,403304160.0
2025-07-10 10:45:00,600110,2025-07-10,10:45:00,15,6.1,6.1,6.02,6.09,12751100,77407552.0
2025-07-10 11:00:00,600110,2025-07-10,11:00:00,15,6.1,6.1,6.04,6.05,6122000,37158784.0
2025-07-10 11:15:00,600110,2025-07-10,11:15:00,15,6.06,6.06,6.03,6.04,4242200,25650048.0
2025-07-10 11:30:00,600110,2025-07-10,11:30:00,15,6.04,6.04,6.01,6.03,4310600,25967352.0
2025-07-10 13:15:00,600110,2025-07-10,13:15:00,15,6.03,6.07,6.03,6.05,4650700,28161928.0
2025-07-10 13:30:00,600110,2025-07-10,13:30:00,15,6.05,6.1,6.04,6.1,4937800,29964096.0
2025-07-10 13:45:00,600110,2025-07-10,13:45:00,15,6.1,6.13,6.06,6.07,6249900,38090304.0
2025-07-10 14:00:00,600110,2025-07-10,14:00:00,15,6.07,6.08,6.06,6.07,2357900,14303616.0
2025-07-10 14:15:00,600110,2025-07-10,14:15:00,15,6.06,6.07,6.06,6.06,3202600,19425280.0
2025-07-10 14:30:00,600110,2025-07-10,14:30:00,15,6.06,6.07,6.05,6.05,4332600,26268160.0
2025-07-10 14:45:00,600110,2025-07-10,14:45:00,15,6.05,6.06,6.0,6.04,8926200,53788928.0
2025-07-10 15:00:00,600110,2025-07-10,15:00:00,15,6.04,6.04,6.01,6.04,12891200,77716352.0
2025-07-11 09:45:00,600110,2025-07-11,09:45:00,15,5.98,5.98,5.82,5.88,33997200,199969104.0
2025-07-11 10:00:00,600110,2025-07-11,10:00:00,15,5.87,5.95,5.83,5.94,15806200,92860080.0
2025-07-11 10:15:00,600110,2025-07-11,10:15:00,15,5.94,5.97,5.84,5.87,13039200,76980928.0
2025-07-11 10:30:00,600110,2025-07-11,10:30:00,15,5.88,5.91,5.86,5.9,6220100,36565120.0
2025-07-11 10:45:00,600110,2025-07-11,10:45:00,15,5.89,5.91,5.87,5.89,5939600,34974336.0
2025-07-11 11:00:00,600110,2025-07-11,11:00:00,15,5.89,5.9,5.85,5.85,8113900,47587616.0
2025-07-11 11:15:00,600110,2025-07-11,11:15:00,15,5.86,6.0,5.84,5.91,12902700,76346202.0
2025-07-11 11:30:00,600110,2025-07-11,11:30:00,15,5.91,5.94,5.89,5.93,4357300,25741954.0
2025-07-11 13:15:00,600110,2025-07-11,13:15:00,15,5.94,5.95,5.88,5.9,7424500,43845567.0
2025-07-11 13:30:00,600110,2025-07-11,13:30:00,15,5.9,5.9,5.84,5.86,8959200,52543239.0
2025-07-11 13:45:00,600110,2025-07-11,13:45:00,15,5.86,5.88,5.83,5.86,8706900,50942712.0
2025-07-11 14:00:00,600110,2025-07-11,14:00:00,15,5.86,5.86,5.84,5.85,9838200,57547908.0
2025-07-11 14:15:00,600110,2025-07-11,14:15:00,15,5.85,5.85,5.79,5.8,23233400,135075074.0
2025-07-11 14:30:00,600110,2025-07-11,14:30:00,15,5.8,5.83,5.79,5.8,9058800,52639232.0
2025-07-11 14:45:00,600110,2025-07-11,14:45:00,15,5.8,5.82,5.8,5.82,8788400,51027456.0
2025-07-11 15:00:00,600110,2025-07-11,15:00:00,15,5.82,5.85,5.81,5.82,14802700,86218624.0
2025-07-14 09:45:00,600110,2025-07-14,09:45:00,15,5.78,5.83,5.67,5.76,32638900,187123088.0
2025-07-14 10:00:00,600110,2025-07-14,10:00:00,15,5.77,5.89,5.75,5.79,17297500,100909200.0
2025-07-14 10:15:00,600110,2025-07-14,10:15:00,15,5.79,5.8,5.72,5.75,10340800,59389152.0
2025-07-14 10:30:00,600110,2025-07-14,10:30:00,15,5.75,5.75,5.72,5.73,4698400,26928864.0
2025-07-14 10:45:00,600110,2025-07-14,10:45:00,15,5.73,5.74,5.7,5.72,7159100,40875488.0
2025-07-14 11:00:00,600110,2025-07-14,11:00:00,15,5.71,5.72,5.7,5.7,3892500,22201504.0
2025-07-14 11:15:00,600110,2025-07-14,11:15:00,15,5.7,5.71,5.67,5.67,7857800,44675200.0
2025-07-14 11:30:00,600110,2025-07-14,11:30:00,15,5.67,5.68,5.66,5.68,4790400,27166496.0
2025-07-14 13:15:00,600110,2025-07-14,13:15:00,15,5.68,5.69,5.66,5.67,5494400,31146752.0
2025-07-14 13:30:00,600110,2025-07-14,13:30:00,15,5.67,5.67,5.61,5.64,12684600,71541120.0
2025-07-14 13:45:00,600110,2025-07-14,13:45:00,15,5.64,5.65,5.6,5.61,8409600,47277312.0
2025-07-14 14:00:00,600110,2025-07-14,14:00:00,15,5.6,5.61,5.58,5.6,11507900,64365632.0
2025-07-14 14:15:00,600110,2025-07-14,14:15:00,15,5.59,5.68,5.58,5.68,10385200,58117952.0
2025-07-14 14:30:00,600110,2025-07-14,14:30:00,15,5.68,5.9,5.68,5.88,37229200,216411072.0
2025-07-14 14:45:00,600110,2025-07-14,14:45:00,15,5.88,5.95,5.81,5.83,18419600,108372544.0
2025-07-14 15:00:00,600110,2025-07-14,15:00:00,15,5.83,5.87,5.82,5.87,15450800,90419456.0
2025-07-15 09:45:00,600110,2025-07-15,09:45:00,15,5.76,5.78,5.71,5.76,23361400,134184288.0
2025-07-15 10:00:00,600110,2025-07-15,10:00:00,15,5.76,5.8,5.73,5.75,9240400,53177120.0
2025-07-15 10:15:00,600110,2025-07-15,10:15:00,15,5.75,5.75,5.66,5.66,15476500,88124224.0
2025-07-15 10:30:00,600110,2025-07-15,10:30:00,15,5.66,5.68,5.62,5.62,11318300,63978304.0
2025-07-15 10:45:00,600110,2025-07-15,10:45:00,15,5.62,5.67,5.62,5.63,4730000,26703744.0
2025-07-15 11:00:00,600110,2025-07-15,11:00:00,15,5.64,5.64,5.6,5.61,9402000,52853984.0
2025-07-15 11:15:00,600110,2025-07-15,11:15:00,15,5.61,5.62,5.55,5.55,12967000,72410240.0
2025-07-15 11:30:00,600110,2025-07-15,11:30:00,15,5.56,5.59,5.55,5.55,5953100,33133536.0
2025-07-15 13:15:00,600110,2025-07-15,13:15:00,15,5.55,5.61,5.55,5.59,4177800,23287808.0
2025-07-15 13:30:00,600110,2025-07-15,13:30:00,15,5.59,5.62,5.58,5.6,3224100,18041147.0
2025-07-15 13:45:00,600110,2025-07-15,13:45:00,15,5.58,5.6,5.55,5.57,4766200,26542213.0
2025-07-15 14:00:00,600110,2025-07-15,14:00:00,15,5.56,5.59,5.55,5.58,3539600,19686464.0
2025-07-15 14:15:00,600110,2025-07-15,14:15:00,15,5.58,5.61,5.57,5.57,4317500,24133568.0
2025-07-15 14:30:00,600110,2025-07-15,14:30:00,15,5.58,5.59,5.56,5.58,3055100,17027072.0
2025-07-15 14:45:00,600110,2025-07-15,14:45:00,15,5.59,5.59,5.57,5.59,4892300,27301760.0
2025-07-15 15:00:00,600110,2025-07-15,15:00:00,15,5.58,5.59,5.52,5.56,22856700,126762048.0
2025-07-16 09:45:00,600110,2025-07-16,09:45:00,15,5.54,5.62,5.53,5.58,14201600,79061656.0
2025-07-16 10:00:00,600110,2025-07-16,10:00:00,15,5.58,5.61,5.57,5.6,6560900,36647752.0
2025-07-16 10:15:00,600110,2025-07-16,10:15:00,15,5.6,5.6,5.55,5.55,3847500,21436384.0
2025-07-16 10:30:00,600110,2025-07-16,10:30:00,15,5.56,5.56,5.55,5.55,3452200,19167136.0
2025-07-16 10:45:00,600110,2025-07-16,10:45:00,15,5.56,5.56,5.52,5.52,5170700,28646976.0
2025-07-16 11:00:00,600110,2025-07-16,11:00:00,15,5.53,5.62,5.53,5.59,7292700,40698576.0
2025-07-16 11:15:00,600110,2025-07-16,11:15:00,15,5.59,5.59,5.56,5.57,2083700,11630832.0
2025-07-16 11:30:00,600110,2025-07-16,11:30:00,15,5.56,5.58,5.56,5.57,1781100,9910608.0
2025-07-16 13:15:00,600110,2025-07-16,13:15:00,15,5.57,5.58,5.56,5.57,2467100,13743472.0
2025-07-16 13:30:00,600110,2025-07-16,13:30:00,15,5.57,5.57,5.55,5.55,2467600,13720480.0
2025-07-16 13:45:00,600110,2025-07-16,13:45:00,15,5.55,5.57,5.55,5.55,2326300,12919840.0
2025-07-16 14:00:00,600110,2025-07-16,14:00:00,15,5.55,5.55,5.53,5.54,3509800,19438624.0
2025-07-16 14:15:00,600110,2025-07-16,14:15:00,15,5.54,5.55,5.53,5.55,2930900,16231072.0
2025-07-16 14:30:00,600110,2025-07-16,14:30:00,15,5.55,5.68,5.55,5.62,18252500,102766624.0
2025-07-16 14:45:00,600110,2025-07-16,14:45:00,15,5.62,5.63,5.58,5.6,7152000,40124992.0
2025-07-16 15:00:00,600110,2025-07-16,15:00:00,15,5.6,5.6,5.59,5.6,7223700,40433824.0
2025-07-17 09:45:00,600110,2025-07-17,09:45:00,15,5.58,5.59,5.52,5.57,11380300,63163112.0
2025-07-17 10:00:00,600110,2025-07-17,10:00:00,15,5.58,5.64,5.56,5.62,8946100,50178504.0
2025-07-17 10:15:00,600110,2025-07-17,10:15:00,15,5.63,5.63,5.58,5.59,4146800,23231632.0
2025-07-17 10:30:00,600110,2025-07-17,10:30:00,15,5.59,5.66,5.59,5.64,10475900,58919760.0
2025-07-17 10:45:00,600110,2025-07-17,10:45:00,15,5.64,5.76,5.61,5.72,23413700,133167152.0
2025-07-17 11:00:00,600110,2025-07-17,11:00:00,15,5.72,5.72,5.68,5.69,8282600,47210208.0
2025-07-17 11:15:00,600110,2025-07-17,11:15:00,15,5.68,5.69,5.66,5.69,3791200,21527552.0
2025-07-17 11:30:00,600110,2025-07-17,11:30:00,15,5.68,5.69,5.67,5.67,1846400,10490656.0
2025-07-17 13:15:00,600110,2025-07-17,13:15:00,15,5.68,5.7,5.68,5.69,3530400,20088320.0
2025-07-17 13:30:00,600110,2025-07-17,13:30:00,15,5.69,5.73,5.68,5.69,5710100,32599392.0
2025-07-17 13:45:00,600110,2025-07-17,13:45:00,15,5.68,5.7,5.68,5.7,2496900,14218688.0
2025-07-17 14:00:00,600110,2025-07-17,14:00:00,15,5.7,5.7,5.68,5.69,2808100,15977536.0
2025-07-17 14:15:00,600110,2025-07-17,14:15:00,15,5.68,5.69,5.67,5.68,3983400,22609376.0
2025-07-17 14:30:00,600110,2025-07-17,14:30:00,15,5.67,5.7,5.67,5.68,7895300,44901560.0
2025-07-17 14:45:00,600110,2025-07-17,14:45:00,15,5.68,5.69,5.67,5.68,4418700,25107520.0
2025-07-17 15:00:00,600110,2025-07-17,15:00:00,15,5.68,5.69,5.65,5.66,21947000,124253638.0
2025-07-18 09:45:00,600110,2025-07-18,09:45:00,15,5.62,5.81,5.62,5.78,35375100,203035232.0
2025-07-18 10:00:00,600110,2025-07-18,10:00:00,15,5.78,5.86,5.75,5.83,40092500,233202880.0
2025-07-18 10:15:00,600110,2025-07-18,10:15:00,15,5.83,5.93,5.81,5.89,40917900,240545952.0
2025-07-18 10:30:00,600110,2025-07-18,10:30:00,15,5.89,5.98,5.87,5.93,33210000,197128448.0
2025-07-18 10:45:00,600110,2025-07-18,10:45:00,15,5.92,5.93,5.87,5.89,10529100,62120580.0
2025-07-18 11:00:00,600110,2025-07-18,11:00:00,15,5.89,5.93,5.88,5.91,6697500,39553340.0
2025-07-18 11:15:00,600110,2025-07-18,11:15:00,15,5.9,5.91,5.88,5.89,4079200,24046980.0
2025-07-18 11:30:00,600110,2025-07-18,11:30:00,15,5.88,5.89,5.87,5.89,3512900,20673844.0
2025-07-18 13:15:00,600110,2025-07-18,13:15:00,15,5.89,5.9,5.81,5.87,11556000,67639872.0
2025-07-18 13:30:00,600110,2025-07-18,13:30:00,15,5.87,5.91,5.84,5.86,11183800,65654664.0
2025-07-18 13:45:00,600110,2025-07-18,13:45:00,15,5.86,5.87,5.81,5.81,8106300,47236100.0
2025-07-18 14:00:00,600110,2025-07-18,14:00:00,15,5.82,5.82,5.76,5.77,11248200,65009148.0
2025-07-18 14:15:00,600110,2025-07-18,14:15:00,15,5.77,5.78,5.75,5.76,6216400,35840768.0
2025-07-18 14:30:00,600110,2025-07-18,14:30:00,15,5.76,5.78,5.75,5.77,6174200,35569408.0
2025-07-18 14:45:00,600110,2025-07-18,14:45:00,15,5.77,5.78,5.75,5.77,4874200,28096128.0
2025-07-18 15:00:00,600110,2025-07-18,15:00:00,15,5.77,5.78,5.76,5.77,12198900,70411136.0
2025-07-21 09:45:00,600110,2025-07-21,09:45:00,15,5.65,5.76,5.61,5.65,34349300,194922608.0
2025-07-21 10:00:00,600110,2025-07-21,10:00:00,15,5.66,5.68,5.63,5.68,15249400,86190512.0
2025-07-21 10:15:00,600110,2025-07-21,10:15:00,15,5.66,5.68,5.64,5.68,9286900,52563392.0
2025-07-21 10:30:00,600110,2025-07-21,10:30:00,15,5.67,5.69,5.63,5.67,9446500,53428736.0
2025-07-21 10:45:00,600110,2025-07-21,10:45:00,15,5.67,5.7,5.65,5.67,6751600,38315104.0
2025-07-21 11:00:00,600110,2025-07-21,11:00:00,15,5.66,5.66,5.63,5.64,8507000,48037088.0
2025-07-21 11:15:00,600110,2025-07-21,11:15:00,15,5.64,5.65,5.62,5.62,8639400,48676064.0
2025-07-21 11:30:00,600110,2025-07-21,11:30:00,15,5.62,5.63,5.61,5.62,8736400,49079684.0
2025-07-21 13:15:00,600110,2025-07-21,13:15:00,15,5.62,5.63,5.6,5.61,8319300,46678019.0
2025-07-21 13:30:00,600110,2025-07-21,13:30:00,15,5.61,5.67,5.6,5.67,8984900,50644917.0
2025-07-21 13:45:00,600110,2025-07-21,13:45:00,15,5.66,5.67,5.63,5.63,5662800,31958848.0
2025-07-21 14:00:00,600110,2025-07-21,14:00:00,15,5.64,5.64,5.62,5.62,5347300,30079114.0
2025-07-21 14:15:00,600110,2025-07-21,14:15:00,15,5.63,5.64,5.62,5.63,4844100,27250871.0
2025-07-21 14:30:00,600110,2025-07-21,14:30:00,15,5.63,5.64,5.61,5.63,6763900,38010301.0
2025-07-21 14:45:00,600110,2025-07-21,14:45:00,15,5.62,5.63,5.61,5.63,8631800,48504844.0
2025-07-21 15:00:00,600110,2025-07-21,15:00:00,15,5.62,5.64,5.62,5.63,13764300,77455936.0
2025-07-22 09:45:00,600110,2025-07-22,09:45:00,15,5.61,5.68,5.56,5.67,22476800,125818760.0
2025-07-22 10:00:00,600110,2025-07-22,10:00:00,15,5.67,5.67,5.63,5.63,10550000,59620632.0
2025-07-22 10:15:00,600110,2025-07-22,10:15:00,15,5.63,5.68,5.63,5.65,11539300,65320384.0
2025-07-22 10:30:00,600110,2025-07-22,10:30:00,15,5.65,5.77,5.65,5.71,25215600,144201888.0
2025-07-22 10:45:00,600110,2025-07-22,10:45:00,15,5.71,5.77,5.7,5.74,12230300,70196480.0
2025-07-22 11:00:00,600110,2025-07-22,11:00:00,15,5.74,5.74,5.72,5.74,5513100,31602624.0
2025-07-22 11:15:00,600110,2025-07-22,11:15:00,15,5.74,5.86,5.73,5.8,30922000,179584320.0
2025-07-22 11:30:00,600110,2025-07-22,11:30:00,15,5.81,5.82,5.76,5.78,7502000,43474752.0
2025-07-22 13:15:00,600110,2025-07-22,13:15:00,15,5.77,5.79,5.74,5.74,8065600,46489600.0
2025-07-22 13:30:00,600110,2025-07-22,13:30:00,15,5.74,5.76,5.73,5.73,4682400,26894970.0
2025-07-22 13:45:00,600110,2025-07-22,13:45:00,15,5.73,5.74,5.72,5.73,5237900,30029511.0
2025-07-22 14:00:00,600110,2025-07-22,14:00:00,15,5.73,5.75,5.73,5.75,4014100,23023994.0
2025-07-22 14:15:00,600110,2025-07-22,14:15:00,15,5.75,5.76,5.73,5.74,4399300,25268221.0
2025-07-22 14:30:00,600110,2025-07-22,14:30:00,15,5.74,5.75,5.73,5.75,3768700,21626254.0
2025-07-22 14:45:00,600110,2025-07-22,14:45:00,15,5.75,5.75,5.74,5.74,6552800,37651895.0
2025-07-22 15:00:00,600110,2025-07-22,15:00:00,15,5.75,5.77,5.74,5.77,14100300,81132099.0
2025-07-23 09:45:00,600110,2025-07-23,09:45:00,15,5.72,5.72,5.62,5.67,26786100,151416176.0
2025-07-23 10:00:00,600110,2025-07-23,10:00:00,15,5.66,5.72,5.63,5.69,11805800,66897008.0
2025-07-23 10:15:00,600110,2025-07-23,10:15:00,15,5.69,5.7,5.64,5.64,7132200,40364576.0
2025-07-23 10:30:00,600110,2025-07-23,10:30:00,15,5.64,5.66,5.61,5.61,11368100,64002336.0
2025-07-23 10:45:00,600110,2025-07-23,10:45:00,15,5.61,5.63,5.6,5.61,11899800,66757792.0
2025-07-23 11:00:00,600110,2025-07-23,11:00:00,15,5.62,5.62,5.6,5.61,4993200,27995328.0
2025-07-23 11:15:00,600110,2025-07-23,11:15:00,15,5.61,5.64,5.6,5.63,4109000,23085184.0
2025-07-23 11:30:00,600110,2025-07-23,11:30:00,15,5.63,5.64,5.61,5.63,2649200,14889408.0
2025-07-23 13:15:00,600110,2025-07-23,13:15:00,15,5.62,5.74,5.62,5.68,7621000,43347008.0
2025-07-23 13:30:00,600110,2025-07-23,13:30:00,15,5.68,5.68,5.64,5.66,2752600,15586688.0
2025-07-23 13:45:00,600110,2025-07-23,13:45:00,15,5.66,5.66,5.62,5.63,3786300,21356032.0
2025-07-23 14:00:00,600110,2025-07-23,14:00:00,15,5.63,5.64,5.62,5.62,2670400,15038150.0
2025-07-23 14:15:00,600110,2025-07-23,14:15:00,15,5.63,5.64,5.61,5.61,4283700,24089267.0
2025-07-23 14:30:00,600110,2025-07-23,14:30:00,15,5.61,5.62,5.6,5.61,7121900,39932418.0
2025-07-23 14:45:00,600110,2025-07-23,14:45:00,15,5.62,5.62,5.58,5.59,11110700,62183301.0
2025-07-23 15:00:00,600110,2025-07-23,15:00:00,15,5.6,5.61,5.59,5.61,8760900,49052160.0
2025-07-24 09:45:00,600110,2025-07-24,09:45:00,15,5.58,5.68,5.56,5.64,13836800,78100736.0
2025-07-24 10:00:00,600110,2025-07-24,10:00:00,15,5.64,5.77,5.62,5.73,28143300,160914080.0
2025-07-24 10:15:00,600110,2025-07-24,10:15:00,15,5.73,5.74,5.69,5.73,9318100,53229312.0
2025-07-24 10:30:00,600110,2025-07-24,10:30:00,15,5.72,5.77,5.72,5.77,14051000,80674240.0
2025-07-24 10:45:00,600110,2025-07-24,10:45:00,15,5.79,5.8,5.75,5.75,16622100,96114496.0
2025-07-24 11:00:00,600110,2025-07-24,11:00:00,15,5.75,5.77,5.73,5.74,5127800,29486496.0
2025-07-24 11:15:00,600110,2025-07-24,11:15:00,15,5.75,5.76,5.73,5.76,3873000,22255616.0
2025-07-24 11:30:00,600110,2025-07-24,11:30:00,15,5.76,5.82,5.75,5.82,21281200,123205432.0
2025-07-24 13:15:00,600110,2025-07-24,13:15:00,15,5.82,5.83,5.75,5.76,9696400,56149960.0
2025-07-24 13:30:00,600110,2025-07-24,13:30:00,15,5.77,5.78,5.75,5.78,3980300,22947584.0
2025-07-24 13:45:00,600110,2025-07-24,13:45:00,15,5.78,5.79,5.74,5.74,4991800,28761402.0
2025-07-24 14:00:00,600110,2025-07-24,14:00:00,15,5.74,5.75,5.72,5.72,4468000,25631046.0
2025-07-24 14:15:00,600110,2025-07-24,14:15:00,15,5.72,5.74,5.7,5.71,7764200,44418944.0
2025-07-24 14:30:00,600110,2025-07-24,14:30:00,15,5.71,5.74,5.71,5.73,3555100,20366021.0
2025-07-24 14:45:00,600110,2025-07-24,14:45:00,15,5.73,5.74,5.72,5.73,4816000,27588539.0
2025-07-24 15:00:00,600110,2025-07-24,15:00:00,15,5.73,5.73,5.72,5.73,7687600,44013635.0
2025-07-25 09:45:00,600110,2025-07-25,09:45:00,15,5.74,5.79,5.63,5.64,21156700,120270344.0
2025-07-25 10:00:00,600110,2025-07-25,10:00:00,15,5.64,5.67,5.63,5.65,9858300,55591000.0
2025-07-25 10:15:00,600110,2025-07-25,10:15:00,15,5.64,5.7,5.63,5.67,8492900,48062544.0
2025-07-25 10:30:00,600110,2025-07-25,10:30:00,15,5.67,5.67,5.64,5.65,3766000,21294896.0
2025-07-25 10:45:00,600110,2025-07-25,10:45:00,15,5.65,5.7,5.65,5.67,3632500,20606592.0
2025-07-25 11:00:00,600110,2025-07-25,11:00:00,15,5.66,5.67,5.62,5.62,7882900,44441824.0
2025-07-25 11:15:00,600110,2025-07-25,11:15:00,15,5.63,5.63,5.61,5.62,7120000,39998816.0
2025-07-25 11:30:00,600110,2025-07-25,11:30:00,15,5.63,5.63,5.62,5.62,3316100,18643104.0
2025-07-25 13:15:00,600110,2025-07-25,13:15:00,15,5.62,5.63,5.61,5.61,3854600,21657184.0
2025-07-25 13:30:00,600110,2025-07-25,13:30:00,15,5.61,5.62,5.61,5.62,3791000,21282016.0
2025-07-25 13:45:00,600110,2025-07-25,13:45:00,15,5.61,5.62,5.6,5.61,6120800,34338496.0
2025-07-25 14:00:00,600110,2025-07-25,14:00:00,15,5.61,5.63,5.61,5.63,2219000,12461152.0
2025-07-25 14:15:00,600110,2025-07-25,14:15:00,15,5.63,5.64,5.62,5.62,2606900,14677760.0
2025-07-25 14:30:00,600110,2025-07-25,14:30:00,15,5.62,5.63,5.61,5.61,3807400,21388256.0
2025-07-25 14:45:00,600110,2025-07-25,14:45:00,15,5.62,5.63,5.61,5.62,5565500,31267456.0
2025-07-25 15:00:00,600110,2025-07-25,15:00:00,15,5.62,5.63,5.61,5.62,10467000,58830970.0
2025-07-28 09:45:00,600110,2025-07-28,09:45:00,15,5.62,5.75,5.61,5.72,23281000,132699648.0
2025-07-28 10:00:00,600110,2025-07-28,10:00:00,15,5.74,5.82,5.7,5.79,29363900,169312896.0
2025-07-28 10:15:00,600110,2025-07-28,10:15:00,15,5.8,5.94,5.79,5.94,53812200,315911616.0
2025-07-28 10:30:00,600110,2025-07-28,10:30:00,15,5.94,5.94,5.83,5.86,15642000,92010116.0
2025-07-28 10:45:00,600110,2025-07-28,10:45:00,15,5.86,5.9,5.83,5.85,8841400,51874612.0
2025-07-28 11:00:00,600110,2025-07-28,11:00:00,15,5.85,6.0,5.84,5.95,35358000,210039816.0
2025-07-28 11:15:00,600110,2025-07-28,11:15:00,15,5.95,5.96,5.91,5.93,7745600,45973056.0
2025-07-28 11:30:00,600110,2025-07-28,11:30:00,15,5.93,5.93,5.88,5.9,6436700,37994691.0
2025-07-28 13:15:00,600110,2025-07-28,13:15:00,15,5.9,5.93,5.88,5.93,6188400,36501245.0
2025-07-28 13:30:00,600110,2025-07-28,13:30:00,15,5.93,5.95,5.91,5.94,7669700,45471104.0
2025-07-28 13:45:00,600110,2025-07-28,13:45:00,15,5.94,5.98,5.93,5.95,12762700,76039808.0
2025-07-28 14:00:00,600110,2025-07-28,14:00:00,15,5.94,5.95,5.93,5.94,5746600,34159360.0
2025-07-28 14:15:00,600110,2025-07-28,14:15:00,15,5.94,5.95,5.91,5.93,5875100,34820992.0
2025-07-28 14:30:00,600110,2025-07-28,14:30:00,15,5.93,5.93,5.92,5.93,4687900,27771392.0
2025-07-28 14:45:00,600110,2025-07-28,14:45:00,15,5.93,5.95,5.92,5.94,9585100,56923264.0
2025-07-28 15:00:00,600110,2025-07-28,15:00:00,15,5.94,5.95,5.94,5.95,19446600,115642752.0
2025-07-29 09:45:00,600110,2025-07-29,09:45:00,15,5.87,6.32,5.85,6.17,110564700,682376068.0
2025-07-29 10:00:00,600110,2025-07-29,10:00:00,15,6.15,6.16,5.94,5.97,40141600,242370492.0
2025-07-29 10:15:00,600110,2025-07-29,10:15:00,15,5.97,5.99,5.91,5.95,17910900,106681536.0
2025-07-29 10:30:00,600110,2025-07-29,10:30:00,15,5.94,5.99,5.94,5.95,8867300,52908672.0
2025-07-29 10:45:00,600110,2025-07-29,10:45:00,15,5.96,5.97,5.93,5.93,5461900,32463360.0
2025-07-29 11:00:00,600110,2025-07-29,11:00:00,15,5.94,5.95,5.86,5.87,9475200,55967872.0
2025-07-29 11:15:00,600110,2025-07-29,11:15:00,15,5.87,5.89,5.86,5.87,6128500,35986688.0
2025-07-29 11:30:00,600110,2025-07-29,11:30:00,15,5.88,5.91,5.87,5.9,3443500,20288768.0
2025-07-29 13:15:00,600110,2025-07-29,13:15:00,15,5.9,5.91,5.87,5.9,5506800,32394752.0
2025-07-29 13:30:00,600110,2025-07-29,13:30:00,15,5.89,5.89,5.85,5.85,5075500,29761536.0
2025-07-29 13:45:00,600110,2025-07-29,13:45:00,15,5.85,5.86,5.82,5.82,8359000,48784000.0
2025-07-29 14:00:00,600110,2025-07-29,14:00:00,15,5.83,5.83,5.8,5.81,9351800,54395008.0
2025-07-29 14:15:00,600110,2025-07-29,14:15:00,15,5.81,5.85,5.8,5.81,5767500,33571584.0
2025-07-29 14:30:00,600110,2025-07-29,14:30:00,15,5.82,5.89,5.81,5.87,6348300,37110528.0
2025-07-29 14:45:00,600110,2025-07-29,14:45:00,15,5.88,5.88,5.84,5.85,6511700,38108928.0
2025-07-29 15:00:00,600110,2025-07-29,15:00:00,15,5.86,5.93,5.85,5.9,12425100,73203968.0
2025-07-30 09:45:00,600110,2025-07-30,09:45:00,15,5.88,5.95,5.75,5.83,39065100,228266208.0
2025-07-30 10:00:00,600110,2025-07-30,10:00:00,15,5.83,5.89,5.77,5.77,14314700,83127552.0
2025-07-30 10:15:00,600110,2025-07-30,10:15:00,15,5.77,5.78,5.73,5.73,14909700,85870400.0
2025-07-30 10:30:00,600110,2025-07-30,10:30:00,15,5.74,5.74,5.71,5.72,12222900,69900192.0
2025-07-30 10:45:00,600110,2025-07-30,10:45:00,15,5.73,5.73,5.71,5.72,6944600,39736320.0
2025-07-30 11:00:00,600110,2025-07-30,11:00:00,15,5.72,5.73,5.71,5.72,4918500,28137760.0
2025-07-30 11:15:00,600110,2025-07-30,11:15:00,15,5.72,5.73,5.7,5.71,8631400,49280672.0
2025-07-30 11:30:00,600110,2025-07-30,11:30:00,15,5.7,5.71,5.68,5.69,11126900,63391360.0
2025-07-30 13:15:00,600110,2025-07-30,13:15:00,15,5.69,5.7,5.69,5.7,4172700,23761216.0
2025-07-30 13:30:00,600110,2025-07-30,13:30:00,15,5.7,5.7,5.68,5.68,4188600,23837376.0
2025-07-30 13:45:00,600110,2025-07-30,13:45:00,15,5.69,5.7,5.67,5.67,5829400,33132480.0
2025-07-30 14:00:00,600110,2025-07-30,14:00:00,15,5.67,5.68,5.64,5.66,11587800,65505920.0
2025-07-30 14:15:00,600110,2025-07-30,14:15:00,15,5.66,5.66,5.63,5.65,7594600,42887936.0
2025-07-30 14:30:00,600110,2025-07-30,14:30:00,15,5.65,5.72,5.65,5.71,5447600,31000632.0
2025-07-30 14:45:00,600110,2025-07-30,14:45:00,15,5.7,5.72,5.68,5.68,4962700,28242312.0
2025-07-30 15:00:00,600110,2025-07-30,15:00:00,15,5.68,5.69,5.67,5.69,9438600,53622528.0
2025-07-31 09:45:00,600110,2025-07-31,09:45:00,15,5.65,6.26,5.64,6.26,146970700,889265856.0
2025-07-31 10:00:00,600110,2025-07-31,10:00:00,15,6.26,6.26,6.21,6.26,70183700,438583232.0
2025-07-31 10:15:00,600110,2025-07-31,10:15:00,15,6.26,6.26,6.21,6.26,72025500,449803648.0
2025-07-31 10:30:00,600110,2025-07-31,10:30:00,15,6.26,6.26,6.26,6.26,4561200,28552832.0
2025-07-31 10:45:00,600110,2025-07-31,10:45:00,15,6.26,6.26,6.26,6.26,2937700,18390016.0
2025-07-31 11:00:00,600110,2025-07-31,11:00:00,15,6.26,6.26,6.26,6.26,969300,6067840.0
2025-07-31 11:15:00,600110,2025-07-31,11:15:00,15,6.26,6.26,6.26,6.26,875200,5478784.0
2025-07-31 11:30:00,600110,2025-07-31,11:30:00,15,6.26,6.26,6.26,6.26,561100,3512448.0
2025-07-31 13:15:00,600110,2025-07-31,13:15:00,15,6.26,6.26,6.26,6.26,1610800,10083584.0
2025-07-31 13:30:00,600110,2025-07-31,13:30:00,15,6.26,6.26,6.26,6.26,1091500,6832768.0
2025-07-31 13:45:00,600110,2025-07-31,13:45:00,15,6.26,6.26,6.26,6.26,1487900,9314304.0
2025-07-31 14:00:00,600110,2025-07-31,14:00:00,15,6.26,6.26,6.26,6.26,670400,4196736.0
2025-07-31 14:15:00,600110,2025-07-31,14:15:00,15,6.26,6.26,6.26,6.26,612200,3832320.0
2025-07-31 14:30:00,600110,2025-07-31,14:30:00,15,6.26,6.26,6.26,6.26,1465400,9173376.0
2025-07-31 14:45:00,600110,2025-07-31,14:45:00,15,6.26,6.26,6.26,6.26,2557100,16007424.0
2025-07-31 15:00:00,600110,2025-07-31,15:00:00,15,6.26,6.26,6.26,6.26,3396600,21262720.0
2025-08-01 09:45:00,600110,2025-08-01,09:45:00,15,6.26,6.28,6.08,6.19,101456300,630663296.0
2025-08-01 10:00:00,600110,2025-08-01,10:00:00,15,6.19,6.2,6.06,6.1,35099500,214185600.0
2025-08-01 10:15:00,600110,2025-08-01,10:15:00,15,6.1,6.25,6.08,6.19,25266800,155713661.0
2025-08-01 10:30:00,600110,2025-08-01,10:30:00,15,6.19,6.26,6.18,6.26,15017900,93436163.0
2025-08-01 10:45:00,600110,2025-08-01,10:45:00,15,6.26,6.31,6.15,6.17,22249000,138804728.0
2025-08-01 11:00:00,600110,2025-08-01,11:00:00,15,6.17,6.2,6.15,6.17,7472800,46128394.0
2025-08-01 11:15:00,600110,2025-08-01,11:15:00,15,6.18,6.18,6.09,6.12,13819400,84615550.0
2025-08-01 11:30:00,600110,2025-08-01,11:30:00,15,6.12,6.16,6.09,6.15,8176500,50033529.0
2025-08-01 13:15:00,600110,2025-08-01,13:15:00,15,6.14,6.16,6.09,6.11,8178200,50023943.0
2025-08-01 13:30:00,600110,2025-08-01,13:30:00,15,6.11,6.13,6.1,6.11,5969600,36493952.0
2025-08-01 13:45:00,600110,2025-08-01,13:45:00,15,6.12,6.14,6.09,6.1,7801800,47641088.0
2025-08-01 14:00:00,600110,2025-08-01,14:00:00,15,6.11,6.12,6.06,6.07,10968400,66768256.0
2025-08-01 14:15:00,600110,2025-08-01,14:15:00,15,6.07,6.09,6.06,6.09,7520100,45662336.0
2025-08-01 14:30:00,600110,2025-08-01,14:30:00,15,6.08,6.09,6.06,6.06,11760900,71378048.0
2025-08-01 14:45:00,600110,2025-08-01,14:45:00,15,6.06,6.08,6.04,6.08,15621900,94613760.0
2025-08-01 15:00:00,600110,2025-08-01,15:00:00,15,6.08,6.08,6.05,6.05,21296500,129100928.0
2025-08-04 09:45:00,600110,2025-08-04,09:45:00,15,5.95,6.15,5.92,6.03,40597500,245134128.0
2025-08-04 10:00:00,600110,2025-08-04,10:00:00,15,6.03,6.03,5.96,5.96,14629800,87660208.0
2025-08-04 10:15:00,600110,2025-08-04,10:15:00,15,5.96,6.08,5.92,6.07,14528300,86852832.0
2025-08-04 10:30:00,600110,2025-08-04,10:30:00,15,6.08,6.08,5.97,5.97,7036900,42446368.0
2025-08-04 10:45:00,600110,2025-08-04,10:45:00,15,5.97,6.02,5.96,5.99,5396700,32266208.0
2025-08-04 11:00:00,600110,2025-08-04,11:00:00,15,5.99,5.99,5.95,5.96,4767700,28442016.0
2025-08-04 11:15:00,600110,2025-08-04,11:15:00,15,5.96,5.98,5.95,5.97,3288000,19615460.0
2025-08-04 11:30:00,600110,2025-08-04,11:30:00,15,5.97,6.01,5.97,5.99,2679300,16044924.0
2025-08-04 13:15:00,600110,2025-08-04,13:15:00,15,5.99,6.03,5.98,5.99,3178200,19061624.0
2025-08-04 13:30:00,600110,2025-08-04,13:30:00,15,6.0,6.04,5.98,6.01,4166900,25057988.0
2025-08-04 13:45:00,600110,2025-08-04,13:45:00,15,6.02,6.02,5.99,5.99,2880000,17289416.0
2025-08-04 14:00:00,600110,2025-08-04,14:00:00,15,6.0,6.01,5.99,5.99,3710400,22250235.0
2025-08-04 14:15:00,600110,2025-08-04,14:15:00,15,6.0,6.02,5.99,6.0,4668300,28015937.0
2025-08-04 14:30:00,600110,2025-08-04,14:30:00,15,5.99,6.0,5.96,5.98,8627900,51600120.0
2025-08-04 14:45:00,600110,2025-08-04,14:45:00,15,5.97,6.0,5.97,5.98,7366500,44094542.0
2025-08-04 15:00:00,600110,2025-08-04,15:00:00,15,5.99,5.99,5.98,5.99,15832100,94790834.0
2025-08-05 09:45:00,600110,2025-08-05,09:45:00,15,5.99,6.16,5.99,6.1,39022900,237995472.0
2025-08-05 10:00:00,600110,2025-08-05,10:00:00,15,6.1,6.35,6.1,6.31,68681200,428441648.0
2025-08-05 10:15:00,600110,2025-08-05,10:15:00,15,6.32,6.37,6.25,6.28,40907000,258558594.0
2025-08-05 10:30:00,600110,2025-08-05,10:30:00,15,6.28,6.47,6.26,6.39,44632700,285372030.0
2025-08-05 10:45:00,600110,2025-08-05,10:45:00,15,6.36,6.45,6.31,6.45,14489500,92175872.0
2025-08-05 11:00:00,600110,2025-08-05,11:00:00,15,6.45,6.56,6.42,6.47,31431100,204143360.0
2025-08-05 11:15:00,600110,2025-08-05,11:15:00,15,6.47,6.48,6.37,6.38,11514500,73804160.0
2025-08-05 11:30:00,600110,2025-08-05,11:30:00,15,6.4,6.47,6.39,6.46,7844400,50392576.0
2025-08-05 13:15:00,600110,2025-08-05,13:15:00,15,6.46,6.51,6.41,6.47,12944000,83810432.0
2025-08-05 13:30:00,600110,2025-08-05,13:30:00,15,6.47,6.47,6.4,6.44,6589600,42340224.0
2025-08-05 13:45:00,600110,2025-08-05,13:45:00,15,6.45,6.45,6.38,6.38,6422400,41169408.0
2025-08-05 14:00:00,600110,2025-08-05,14:00:00,15,6.38,6.39,6.33,6.39,9416900,59884293.0
2025-08-05 14:15:00,600110,2025-08-05,14:15:00,15,6.4,6.4,6.36,6.38,4010400,25586427.0
2025-08-05 14:30:00,600110,2025-08-05,14:30:00,15,6.38,6.38,6.35,6.37,5545100,35321600.0
2025-08-05 14:45:00,600110,2025-08-05,14:45:00,15,6.37,6.38,6.35,6.37,8965400,57041408.0
2025-08-05 15:00:00,600110,2025-08-05,15:00:00,15,6.38,6.4,6.37,6.37,22350900,142576768.0
2025-08-06 09:45:00,600110,2025-08-06,09:45:00,15,6.3,6.45,6.21,6.39,61718600,392629440.0
2025-08-06 10:00:00,600110,2025-08-06,10:00:00,15,6.38,6.41,6.31,6.4,29024100,184412932.0
2025-08-06 10:15:00,600110,2025-08-06,10:15:00,15,6.39,6.43,6.33,6.39,18079600,115480256.0
2025-08-06 10:30:00,600110,2025-08-06,10:30:00,15,6.39,6.42,6.37,6.39,11411600,72944890.0
2025-08-06 10:45:00,600110,2025-08-06,10:45:00,15,6.4,6.41,6.38,6.4,9663400,61789699.0
2025-08-06 11:00:00,600110,2025-08-06,11:00:00,15,6.41,6.41,6.32,6.32,11862900,75558655.0
2025-08-06 11:15:00,600110,2025-08-06,11:15:00,15,6.33,6.36,6.32,6.33,9860700,62445122.0
2025-08-06 11:30:00,600110,2025-08-06,11:30:00,15,6.33,6.34,6.28,6.3,12735200,80299902.0
2025-08-06 13:15:00,600110,2025-08-06,13:15:00,15,6.3,6.35,6.28,6.33,8794300,55474628.0
2025-08-06 13:30:00,600110,2025-08-06,13:30:00,15,6.34,6.36,6.32,6.33,6483300,41106036.0
2025-08-06 13:45:00,600110,2025-08-06,13:45:00,15,6.33,6.34,6.31,6.32,7196700,45496960.0
2025-08-06 14:00:00,600110,2025-08-06,14:00:00,15,6.32,6.34,6.31,6.31,7070700,44708104.0
2025-08-06 14:15:00,600110,2025-08-06,14:15:00,15,6.31,6.32,6.31,6.31,5710400,36073472.0
2025-08-06 14:30:00,600110,2025-08-06,14:30:00,15,6.32,6.36,6.31,6.35,10272500,65017602.0
2025-08-06 14:45:00,600110,2025-08-06,14:45:00,15,6.35,6.37,6.32,6.33,14553200,92252030.0
2025-08-06 15:00:00,600110,2025-08-06,15:00:00,15,6.33,6.39,6.32,6.39,26999600,171679616.0
2025-08-07 09:45:00,600110,2025-08-07,09:45:00,15,6.39,6.39,6.27,6.34,29292900,185444448.0
2025-08-07 10:00:00,600110,2025-08-07,10:00:00,15,6.34,6.34,6.21,6.21,24182400,151630880.0
2025-08-07 10:15:00,600110,2025-08-07,10:15:00,15,6.22,6.24,6.15,6.19,31078300,192336768.0
2025-08-07 10:30:00,600110,2025-08-07,10:30:00,15,6.19,6.2,6.16,6.17,10120700,62573188.0
2025-08-07 10:45:00,600110,2025-08-07,10:45:00,15,6.17,6.2,6.17,6.17,8158500,50430326.0
2025-08-07 11:00:00,600110,2025-08-07,11:00:00,15,6.17,6.19,6.17,6.18,5819600,35969416.0
2025-08-07 11:15:00,600110,2025-08-07,11:15:00,15,6.18,6.19,6.16,6.18,7012100,43288761.0
2025-08-07 11:30:00,600110,2025-08-07,11:30:00,15,6.18,6.23,6.17,6.2,5133400,31847301.0
2025-08-07 13:15:00,600110,2025-08-07,13:15:00,15,6.2,6.2,6.16,6.17,6287700,38859901.0
2025-08-07 13:30:00,600110,2025-08-07,13:30:00,15,6.17,6.2,6.16,6.18,5373400,33181445.0
2025-08-07 13:45:00,600110,2025-08-07,13:45:00,15,6.18,6.19,6.17,6.18,3851300,23795894.0
2025-08-07 14:00:00,600110,2025-08-07,14:00:00,15,6.18,6.18,6.16,6.17,7553600,46579075.0
2025-08-07 14:15:00,600110,2025-08-07,14:15:00,15,6.17,6.19,6.16,6.18,4753900,29365633.0
2025-08-07 14:30:00,600110,2025-08-07,14:30:00,15,6.18,6.18,6.16,6.17,6533200,40303366.0
2025-08-07 14:45:00,600110,2025-08-07,14:45:00,15,6.17,6.18,6.16,6.18,8498800,52451644.0
2025-08-07 15:00:00,600110,2025-08-07,15:00:00,15,6.17,6.18,6.16,6.16,16682600,102870720.0
2025-08-08 09:45:00,600110,2025-08-08,09:45:00,15,6.11,6.58,6.08,6.36,99603600,641138180.0
2025-08-08 10:00:00,600110,2025-08-08,10:00:00,15,6.38,6.43,6.32,6.36,18109000,115498684.0
2025-08-08 10:15:00,600110,2025-08-08,10:15:00,15,6.37,6.38,6.29,6.3,12980900,82251328.0
2025-08-08 10:30:00,600110,2025-08-08,10:30:00,15,6.29,6.34,6.28,6.29,8802300,55468544.0
2025-08-08 10:45:00,600110,2025-08-08,10:45:00,15,6.28,6.31,6.25,6.29,8000400,50222848.0
2025-08-08 11:00:00,600110,2025-08-08,11:00:00,15,6.29,6.34,6.29,6.34,5603600,35383104.0
2025-08-08 11:15:00,600110,2025-08-08,11:15:00,15,6.33,6.34,6.3,6.31,4247200,26848448.0
2025-08-08 11:30:00,600110,2025-08-08,11:30:00,15,6.3,6.32,6.29,6.32,2713300,17095296.0
2025-08-08 13:15:00,600110,2025-08-08,13:15:00,15,6.32,6.33,6.28,6.3,5199000,32753792.0
2025-08-08 13:30:00,600110,2025-08-08,13:30:00,15,6.29,6.3,6.25,6.25,6030900,37859968.0
2025-08-08 13:45:00,600110,2025-08-08,13:45:00,15,6.25,6.28,6.25,6.27,3777900,23661568.0
2025-08-08 14:00:00,600110,2025-08-08,14:00:00,15,6.26,6.27,6.24,6.24,5082900,31787776.0
2025-08-08 14:15:00,600110,2025-08-08,14:15:00,15,6.24,6.26,6.22,6.26,6349900,39588224.0
2025-08-08 14:30:00,600110,2025-08-08,14:30:00,15,6.26,6.27,6.25,6.26,3942500,24691840.0
2025-08-08 14:45:00,600110,2025-08-08,14:45:00,15,6.26,6.27,6.23,6.24,6275800,39217024.0
2025-08-08 15:00:00,600110,2025-08-08,15:00:00,15,6.23,6.24,6.21,6.23,14699500,91463424.0
2025-08-11 09:45:00,600110,2025-08-11,09:45:00,15,6.24,6.36,6.2,6.33,38630800,242313904.0
2025-08-11 10:00:00,600110,2025-08-11,10:00:00,15,6.34,6.34,6.25,6.28,16418000,103324080.0
2025-08-11 10:15:00,600110,2025-08-11,10:15:00,15,6.28,6.32,6.28,6.28,10205100,64256160.0
2025-08-11 10:30:00,600110,2025-08-11,10:30:00,15,6.28,6.29,6.21,6.25,11961400,74641856.0
2025-08-11 10:45:00,600110,2025-08-11,10:45:00,15,6.25,6.3,6.23,6.27,7258300,45439904.0
2025-08-11 11:00:00,600110,2025-08-11,11:00:00,15,6.27,6.32,6.27,6.3,8519600,53670948.0
2025-08-11 11:15:00,600110,2025-08-11,11:15:00,15,6.31,6.33,6.28,6.3,8382900,52909563.0
2025-08-11 11:30:00,600110,2025-08-11,11:30:00,15,6.31,6.31,6.29,6.3,3864100,24351751.0
2025-08-11 13:15:00,600110,2025-08-11,13:15:00,15,6.3,6.4,6.3,6.34,15703200,99740538.0
2025-08-11 13:30:00,600110,2025-08-11,13:30:00,15,6.33,6.34,6.31,6.33,4820500,30494584.0
2025-08-11 13:45:00,600110,2025-08-11,13:45:00,15,6.33,6.33,6.3,6.32,5966100,37646404.0
2025-08-11 14:00:00,600110,2025-08-11,14:00:00,15,6.31,6.32,6.28,6.28,7400900,46558784.0
2025-08-11 14:15:00,600110,2025-08-11,14:15:00,15,6.28,6.28,6.24,6.26,9092900,56896452.0
2025-08-11 14:30:00,600110,2025-08-11,14:30:00,15,6.26,6.27,6.25,6.26,5502000,34445187.0
2025-08-11 14:45:00,600110,2025-08-11,14:45:00,15,6.26,6.28,6.25,6.28,6545500,41019134.0
2025-08-11 15:00:00,600110,2025-08-11,15:00:00,15,6.28,6.29,6.27,6.29,13036500,81870275.0
2025-08-12 09:45:00,600110,2025-08-12,09:45:00,15,6.21,6.24,6.06,6.07,52132100,320070912.0
2025-08-12 10:00:00,600110,2025-08-12,10:00:00,15,6.07,6.1,6.05,6.08,18377800,111677952.0
2025-08-12 10:15:00,600110,2025-08-12,10:15:00,15,6.07,6.2,6.07,6.18,13400500,81767328.0
2025-08-12 10:30:00,600110,2025-08-12,10:30:00,15,6.18,6.18,6.1,6.1,7761000,47611224.0
2025-08-12 10:45:00,600110,2025-08-12,10:45:00,15,6.11,6.11,6.09,6.09,5173600,31535106.0
2025-08-12 11:00:00,600110,2025-08-12,11:00:00,15,6.09,6.12,6.09,6.1,4185900,25533388.0
2025-08-12 11:15:00,600110,2025-08-12,11:15:00,15,6.1,6.12,6.09,6.12,2629500,16055154.0
2025-08-12 11:30:00,600110,2025-08-12,11:30:00,15,6.12,6.15,6.1,6.14,2945900,18047427.0
2025-08-12 13:15:00,600110,2025-08-12,13:15:00,15,6.14,6.15,6.12,6.13,4644600,28458186.0
2025-08-12 13:30:00,600110,2025-08-12,13:30:00,15,6.13,6.15,6.12,6.12,3472800,21298165.0
2025-08-12 13:45:00,600110,2025-08-12,13:45:00,15,6.12,6.15,6.11,6.13,5142700,31541895.0
2025-08-12 14:00:00,600110,2025-08-12,14:00:00,15,6.13,6.14,6.12,6.13,3103800,19025286.0
2025-08-12 14:15:00,600110,2025-08-12,14:15:00,15,6.12,6.14,6.12,6.14,4456500,27305464.0
2025-08-12 14:30:00,600110,2025-08-12,14:30:00,15,6.14,6.14,6.12,6.12,3873300,23733317.0
2025-08-12 14:45:00,600110,2025-08-12,14:45:00,15,6.12,6.14,6.12,6.12,6969600,42689276.0
2025-08-12 15:00:00,600110,2025-08-12,15:00:00,15,6.12,6.14,6.12,6.14,12035500,73733828.0
2025-08-13 09:45:00,600110,2025-08-13,09:45:00,15,6.08,6.14,6.06,6.11,16755000,102189824.0
2025-08-13 10:00:00,600110,2025-08-13,10:00:00,15,6.1,6.14,6.08,6.11,15287500,93228544.0
2025-08-13 10:15:00,600110,2025-08-13,10:15:00,15,6.11,6.14,6.09,6.11,9572000,58518112.0
2025-08-13 10:30:00,600110,2025-08-13,10:30:00,15,6.11,6.12,6.08,6.09,6570100,40057504.0
2025-08-13 10:45:00,600110,2025-08-13,10:45:00,15,6.09,6.1,6.08,6.09,5323000,32413664.0
2025-08-13 11:00:00,600110,2025-08-13,11:00:00,15,6.09,6.1,6.08,6.08,5346700,32563424.0
2025-08-13 11:15:00,600110,2025-08-13,11:15:00,15,6.08,6.1,6.08,6.09,3892500,23687872.0
2025-08-13 11:30:00,600110,2025-08-13,11:30:00,15,6.09,6.13,6.09,6.13,4157600,25386816.0
2025-08-13 13:15:00,600110,2025-08-13,13:15:00,15,6.13,6.15,6.12,6.12,8796500,53987392.0
2025-08-13 13:30:00,600110,2025-08-13,13:30:00,15,6.12,6.13,6.1,6.1,4559200,27871296.0
2025-08-13 13:45:00,600110,2025-08-13,13:45:00,15,6.11,6.11,6.09,6.1,3793000,23140928.0
2025-08-13 14:00:00,600110,2025-08-13,14:00:00,15,6.11,6.11,6.09,6.1,4774400,29119554.0
2025-08-13 14:15:00,600110,2025-08-13,14:15:00,15,6.1,6.14,6.1,6.14,5854900,35850501.0
2025-08-13 14:30:00,600110,2025-08-13,14:30:00,15,6.14,6.25,6.13,6.19,28063800,173593785.0
2025-08-13 14:45:00,600110,2025-08-13,14:45:00,15,6.19,6.44,6.16,6.39,56788100,359078784.0
2025-08-13 15:00:00,600110,2025-08-13,15:00:00,15,6.4,6.43,6.36,6.4,50063400,320606720.0
2025-08-14 09:45:00,600110,2025-08-14,09:45:00,15,6.39,6.5,6.33,6.38,56058900,360197440.0
2025-08-14 10:00:00,600110,2025-08-14,10:00:00,15,6.39,6.39,6.31,6.33,16824800,106745920.0
2025-08-14 10:15:00,600110,2025-08-14,10:15:00,15,6.34,6.64,6.32,6.55,58800900,384369792.0
2025-08-14 10:30:00,600110,2025-08-14,10:30:00,15,6.55,6.72,6.53,6.55,42889400,283703552.0
2025-08-14 10:45:00,600110,2025-08-14,10:45:00,15,6.55,6.56,6.41,6.44,17918800,116032124.0
2025-08-14 11:00:00,600110,2025-08-14,11:00:00,15,6.43,6.45,6.39,6.39,10262300,65856388.0
2025-08-14 11:15:00,600110,2025-08-14,11:15:00,15,6.39,6.43,6.39,6.4,5842800,37438976.0
2025-08-14 11:30:00,600110,2025-08-14,11:30:00,15,6.4,6.44,6.4,6.4,4807800,30844544.0
2025-08-14 13:15:00,600110,2025-08-14,13:15:00,15,6.4,6.46,6.39,6.42,8143200,52266240.0
2025-08-14 13:30:00,600110,2025-08-14,13:30:00,15,6.42,6.44,6.35,6.38,10967100,70032128.0
2025-08-14 13:45:00,600110,2025-08-14,13:45:00,15,6.38,6.46,6.38,6.43,5673300,36452864.0
2025-08-14 14:00:00,600110,2025-08-14,14:00:00,15,6.43,6.44,6.4,6.41,3599800,23110400.0
2025-08-14 14:15:00,600110,2025-08-14,14:15:00,15,6.41,6.44,6.4,6.41,4774900,30689664.0
2025-08-14 14:30:00,600110,2025-08-14,14:30:00,15,6.41,6.43,6.41,6.41,4824200,30961152.0
2025-08-14 14:45:00,600110,2025-08-14,14:45:00,15,6.42,6.43,6.37,6.38,10165900,65119104.0
2025-08-14 15:00:00,600110,2025-08-14,15:00:00,15,6.37,6.4,6.36,6.36,15464600,98519936.0
2025-08-15 09:45:00,600110,2025-08-15,09:45:00,15,6.2,7.0,6.2,7.0,127765600,868736896.0
2025-08-15 10:00:00,600110,2025-08-15,10:00:00,15,7.0,7.0,7.0,7.0,8836400,61854784.0
2025-08-15 10:15:00,600110,2025-08-15,10:15:00,15,7.0,7.0,6.9,7.0,74078600,516545600.0
2025-08-15 10:30:00,600110,2025-08-15,10:30:00,15,7.0,7.0,7.0,7.0,2890700,20234880.0
2025-08-15 10:45:00,600110,2025-08-15,10:45:00,15,7.0,7.0,7.0,7.0,1864800,13053696.0
2025-08-15 11:00:00,600110,2025-08-15,11:00:00,15,7.0,7.0,7.0,7.0,1049900,7349248.0
2025-08-15 11:15:00,600110,2025-08-15,11:15:00,15,7.0,7.0,7.0,7.0,1442300,10096256.0
2025-08-15 11:30:00,600110,2025-08-15,11:30:00,15,7.0,7.0,7.0,7.0,1146600,8026240.0
2025-08-15 13:15:00,600110,2025-08-15,13:15:00,15,7.0,7.0,7.0,7.0,1483400,10383744.0
2025-08-15 13:30:00,600110,2025-08-15,13:30:00,15,7.0,7.0,7.0,7.0,1186300,8304128.0
2025-08-15 13:45:00,600110,2025-08-15,13:45:00,15,7.0,7.0,7.0,7.0,1152500,8067456.0
2025-08-15 14:00:00,600110,2025-08-15,14:00:00,15,7.0,7.0,7.0,7.0,552400,3866752.0
2025-08-15 14:15:00,600110,2025-08-15,14:15:00,15,7.0,7.0,7.0,7.0,489100,3423744.0
2025-08-15 14:30:00,600110,2025-08-15,14:30:00,15,7.0,7.0,7.0,7.0,514400,3600896.0
2025-08-15 14:45:00,600110,2025-08-15,14:45:00,15,7.0,7.0,7.0,7.0,807400,5651712.0
2025-08-15 15:00:00,600110,2025-08-15,15:00:00,15,7.0,7.0,7.0,7.0,1575900,11031296.0
2025-08-18 09:45:00,600110,2025-08-18,09:45:00,15,7.68,7.7,7.5,7.7,99159400,757574142.0
2025-08-18 10:00:00,600110,2025-08-18,10:00:00,15,7.7,7.7,7.7,7.7,2364800,18208902.0
2025-08-18 10:15:00,600110,2025-08-18,10:15:00,15,7.7,7.7,7.7,7.7,748700,5765366.0
2025-08-18 10:30:00,600110,2025-08-18,10:30:00,15,7.7,7.7,7.7,7.7,726900,5597194.0
2025-08-18 10:45:00,600110,2025-08-18,10:45:00,15,7.7,7.7,7.7,7.7,282200,2172930.0
2025-08-18 11:00:00,600110,2025-08-18,11:00:00,15,7.7,7.7,7.7,7.7,369000,2841280.0
2025-08-18 11:15:00,600110,2025-08-18,11:15:00,15,7.7,7.7,7.7,7.7,311800,2400828.0
2025-08-18 11:30:00,600110,2025-08-18,11:30:00,15,7.7,7.7,7.7,7.7,290200,2234550.0
2025-08-18 13:15:00,600110,2025-08-18,13:15:00,15,7.7,7.7,7.7,7.7,646600,4978828.0
2025-08-18 13:30:00,600110,2025-08-18,13:30:00,15,7.7,7.7,7.7,7.7,269500,2075124.0
2025-08-18 13:45:00,600110,2025-08-18,13:45:00,15,7.7,7.7,7.7,7.7,267500,2059406.0
2025-08-18 14:00:00,600110,2025-08-18,14:00:00,15,7.7,7.7,7.7,7.7,264200,2034294.0
2025-08-18 14:15:00,600110,2025-08-18,14:15:00,15,7.7,7.7,7.7,7.7,214900,1654728.0
2025-08-18 14:30:00,600110,2025-08-18,14:30:00,15,7.7,7.7,7.7,7.7,498900,3841538.0
2025-08-18 14:45:00,600110,2025-08-18,14:45:00,15,7.7,7.7,7.7,7.7,225600,1737148.0
2025-08-18 15:00:00,600110,2025-08-18,15:00:00,15,7.7,7.7,7.7,7.7,476600,3669828.0
2025-08-19 09:45:00,600110,2025-08-19,09:45:00,15,8.3,8.47,7.98,8.26,258635800,2147972096.0
2025-08-19 10:00:00,600110,2025-08-19,10:00:00,15,8.26,8.46,8.24,8.37,49600100,415383296.0
2025-08-19 10:15:00,600110,2025-08-19,10:15:00,15,8.38,8.47,8.26,8.47,51957200,436028416.0
2025-08-19 10:30:00,600110,2025-08-19,10:30:00,15,8.47,8.47,8.47,8.47,3208600,27176704.0
2025-08-19 10:45:00,600110,2025-08-19,10:45:00,15,8.47,8.47,8.47,8.47,620600,5256704.0
2025-08-19 11:00:00,600110,2025-08-19,11:00:00,15,8.47,8.47,8.47,8.47,543700,4605184.0
2025-08-19 11:15:00,600110,2025-08-19,11:15:00,15,8.47,8.47,8.47,8.47,355300,3009536.0
2025-08-19 11:30:00,600110,2025-08-19,11:30:00,15,8.47,8.47,8.47,8.47,413900,3505664.0
2025-08-19 13:15:00,600110,2025-08-19,13:15:00,15,8.47,8.47,8.47,8.47,547800,4640000.0
2025-08-19 13:30:00,600110,2025-08-19,13:30:00,15,8.47,8.47,8.47,8.47,328400,2781184.0
2025-08-19 13:45:00,600110,2025-08-19,13:45:00,15,8.47,8.47,8.47,8.47,282900,2396160.0
2025-08-19 14:00:00,600110,2025-08-19,14:00:00,15,8.47,8.47,8.47,8.47,651100,5514752.0
2025-08-19 14:15:00,600110,2025-08-19,14:15:00,15,8.47,8.47,8.47,8.47,446200,3779328.0
2025-08-19 14:30:00,600110,2025-08-19,14:30:00,15,8.47,8.47,8.47,8.47,395700,3351296.0
2025-08-19 14:45:00,600110,2025-08-19,14:45:00,15,8.47,8.47,8.47,8.47,589800,4995584.0
2025-08-19 15:00:00,600110,2025-08-19,15:00:00,15,8.47,8.47,8.47,8.47,1386100,11740160.0
2025-08-20 09:45:00,600110,2025-08-20,09:45:00,15,8.7,8.7,7.89,7.93,143177200,1175884544.0
2025-08-20 10:00:00,600110,2025-08-20,10:00:00,15,7.94,8.05,7.73,7.94,53270700,420984704.0
2025-08-20 10:15:00,600110,2025-08-20,10:15:00,15,7.94,7.97,7.82,7.93,23801700,188069504.0
2025-08-20 10:30:00,600110,2025-08-20,10:30:00,15,7.94,8.03,7.88,7.89,16745800,132829824.0
2025-08-20 10:45:00,600110,2025-08-20,10:45:00,15,7.89,7.89,7.7,7.7,34612900,269359488.0
2025-08-20 11:00:00,600110,2025-08-20,11:00:00,15,7.7,7.77,7.66,7.7,28964900,223140608.0
2025-08-20 11:15:00,600110,2025-08-20,11:15:00,15,7.7,7.75,7.65,7.67,21724000,166798336.0
2025-08-20 11:30:00,600110,2025-08-20,11:30:00,15,7.67,7.71,7.63,7.68,16029500,122749696.0
2025-08-20 13:15:00,600110,2025-08-20,13:15:00,15,7.68,7.74,7.62,7.74,30204200,230636032.0
2025-08-20 13:30:00,600110,2025-08-20,13:30:00,15,7.75,7.88,7.68,7.77,14561100,113048064.0
2025-08-20 13:45:00,600110,2025-08-20,13:45:00,15,7.77,7.79,7.69,7.71,10313600,79672320.0
2025-08-20 14:00:00,600110,2025-08-20,14:00:00,15,7.72,7.73,7.65,7.72,9988600,76805888.0
2025-08-20 14:15:00,600110,2025-08-20,14:15:00,15,7.73,7.83,7.73,7.76,8796200,68480000.0
2025-08-20 14:30:00,600110,2025-08-20,14:30:00,15,7.76,7.88,7.76,7.85,9541400,74516480.0
2025-08-20 14:45:00,600110,2025-08-20,14:45:00,15,7.85,7.86,7.78,7.81,12234500,95766784.0
2025-08-20 15:00:00,600110,2025-08-20,15:00:00,15,7.81,7.84,7.77,7.77,30660800,238982912.0
2025-08-21 09:45:00,600110,2025-08-21,09:45:00,15,7.76,8.11,7.48,7.81,119955000,945511680.0
2025-08-21 10:00:00,600110,2025-08-21,10:00:00,15,7.81,7.82,7.43,7.43,40621700,309306240.0
2025-08-21 10:15:00,600110,2025-08-21,10:15:00,15,7.43,7.5,7.27,7.38,41680200,308233984.0
2025-08-21 10:30:00,600110,2025-08-21,10:30:00,15,7.38,7.39,7.27,7.33,17095700,125096960.0
2025-08-21 10:45:00,600110,2025-08-21,10:45:00,15,7.33,7.33,7.26,7.3,14801100,107907584.0
2025-08-21 11:00:00,600110,2025-08-21,11:00:00,15,7.3,7.39,7.3,7.32,6314000,46336384.0
2025-08-21 11:15:00,600110,2025-08-21,11:15:00,15,7.32,7.33,7.3,7.33,5449300,39836800.0
2025-08-21 11:30:00,600110,2025-08-21,11:30:00,15,7.33,7.35,7.28,7.3,6775600,49476480.0
2025-08-21 13:15:00,600110,2025-08-21,13:15:00,15,7.3,7.31,7.21,7.22,13341200,96780800.0
2025-08-21 13:30:00,600110,2025-08-21,13:30:00,15,7.21,7.33,7.21,7.25,7478300,54249984.0
2025-08-21 13:45:00,600110,2025-08-21,13:45:00,15,7.26,7.26,7.21,7.21,7302900,52785792.0
2025-08-21 14:00:00,600110,2025-08-21,14:00:00,15,7.21,7.23,7.2,7.22,7621200,54932352.0
2025-08-21 14:15:00,600110,2025-08-21,14:15:00,15,7.22,7.23,7.2,7.21,7035800,50724608.0
2025-08-21 14:30:00,600110,2025-08-21,14:30:00,15,7.22,7.22,7.12,7.14,16521200,118315264.0
2025-08-21 14:45:00,600110,2025-08-21,14:45:00,15,7.14,7.2,7.12,7.14,10799900,77110016.0
2025-08-21 15:00:00,600110,2025-08-21,15:00:00,15,7.13,7.25,7.13,7.23,17435700,125399808.0
2025-08-22 09:45:00,600110,2025-08-22,09:45:00,15,7.05,7.34,7.05,7.28,54847300,395299968.0
2025-08-22 10:00:00,600110,2025-08-22,10:00:00,15,7.28,7.32,7.22,7.3,23205900,168921534.0
2025-08-22 10:15:00,600110,2025-08-22,10:15:00,15,7.29,7.35,7.28,7.33,20238200,148125758.0
2025-08-22 10:30:00,600110,2025-08-22,10:30:00,15,7.32,7.43,7.28,7.29,20842000,153547015.0
2025-08-22 10:45:00,600110,2025-08-22,10:45:00,15,7.29,7.3,7.23,7.28,9138500,66429563.0
2025-08-22 11:00:00,600110,2025-08-22,11:00:00,15,7.27,7.3,7.24,7.24,5482600,39830021.0
2025-08-22 11:15:00,600110,2025-08-22,11:15:00,15,7.25,7.28,7.21,7.25,6186900,44802108.0
2025-08-22 11:30:00,600110,2025-08-22,11:30:00,15,7.26,7.33,7.25,7.31,5970800,43620798.0
2025-08-22 13:15:00,600110,2025-08-22,13:15:00,15,7.31,7.34,7.28,7.32,7068500,51742851.0
2025-08-22 13:30:00,600110,2025-08-22,13:30:00,15,7.32,7.32,7.27,7.29,4899000,35722752.0
2025-08-22 13:45:00,600110,2025-08-22,13:45:00,15,7.3,7.31,7.27,7.29,4731000,34486016.0
2025-08-22 14:00:00,600110,2025-08-22,14:00:00,15,7.29,7.3,7.26,7.26,5391000,39236610.0
2025-08-22 14:15:00,600110,2025-08-22,14:15:00,15,7.27,7.29,7.26,7.28,5046600,36731254.0
2025-08-22 14:30:00,600110,2025-08-22,14:30:00,15,7.28,7.3,7.27,7.3,6392000,46601354.0
2025-08-22 14:45:00,600110,2025-08-22,14:45:00,15,7.29,7.3,7.27,7.28,8743300,63660926.0
2025-08-22 15:00:00,600110,2025-08-22,15:00:00,15,7.27,7.28,7.25,7.25,20443700,148394752.0
2025-08-25 09:45:00,600110,2025-08-25,09:45:00,15,7.2,7.45,7.2,7.33,49539500,362174784.0
2025-08-25 10:00:00,600110,2025-08-25,10:00:00,15,7.33,7.36,7.25,7.35,21160000,154426048.0
2025-08-25 10:15:00,600110,2025-08-25,10:15:00,15,7.35,7.43,7.33,7.4,16282700,120140678.0
2025-08-25 10:30:00,600110,2025-08-25,10:30:00,15,7.4,7.46,7.4,7.45,17681700,131428666.0
2025-08-25 10:45:00,600110,2025-08-25,10:45:00,15,7.46,7.5,7.38,7.39,17770000,131955328.0
2025-08-25 11:00:00,600110,2025-08-25,11:00:00,15,7.39,7.44,7.37,7.38,8806300,65105656.0
2025-08-25 11:15:00,600110,2025-08-25,11:15:00,15,7.38,7.4,7.35,7.36,6534000,48135876.0
2025-08-25 11:30:00,600110,2025-08-25,11:30:00,15,7.36,7.37,7.27,7.29,9595100,70181252.0
2025-08-25 13:15:00,600110,2025-08-25,13:15:00,15,7.3,7.31,7.26,7.26,7340500,53455744.0
2025-08-25 13:30:00,600110,2025-08-25,13:30:00,15,7.26,7.29,7.22,7.26,12353500,89607424.0
2025-08-25 13:45:00,600110,2025-08-25,13:45:00,15,7.26,7.29,7.24,7.25,5080900,36884992.0
2025-08-25 14:00:00,600110,2025-08-25,14:00:00,15,7.25,7.29,7.24,7.27,3738600,27163520.0
2025-08-25 14:15:00,600110,2025-08-25,14:15:00,15,7.26,7.27,7.23,7.27,6711600,48648704.0
2025-08-25 14:30:00,600110,2025-08-25,14:30:00,15,7.27,7.31,7.26,7.3,6262100,45664896.0
2025-08-25 14:45:00,600110,2025-08-25,14:45:00,15,7.31,7.33,7.27,7.27,9173700,66920448.0
2025-08-25 15:00:00,600110,2025-08-25,15:00:00,15,7.27,7.29,7.27,7.29,12928500,94110727.0
2025-08-26 09:45:00,600110,2025-08-26,09:45:00,15,7.26,7.31,7.18,7.21,24349900,176017152.0
2025-08-26 10:00:00,600110,2025-08-26,10:00:00,15,7.22,7.26,7.2,7.23,13550100,97808416.0
2025-08-26 10:15:00,600110,2025-08-26,10:15:00,15,7.22,7.26,7.21,7.23,8684300,62774720.0
2025-08-26 10:30:00,600110,2025-08-26,10:30:00,15,7.22,7.27,7.21,7.21,6541300,47294208.0
2025-08-26 10:45:00,600110,2025-08-26,10:45:00,15,7.21,7.22,7.16,7.16,16234100,116663136.0
2025-08-26 11:00:00,600110,2025-08-26,11:00:00,15,7.17,7.2,7.17,7.18,5881800,42257984.0
2025-08-26 11:15:00,600110,2025-08-26,11:15:00,15,7.18,7.2,7.17,7.19,4765400,34204806.0
2025-08-26 11:30:00,600110,2025-08-26,11:30:00,15,7.2,7.23,7.19,7.22,4049700,29178042.0
2025-08-26 13:15:00,600110,2025-08-26,13:15:00,15,7.22,7.22,7.18,7.18,6673400,47994625.0
2025-08-26 13:30:00,600110,2025-08-26,13:30:00,15,7.19,7.21,7.18,7.2,4801900,34547268.0
2025-08-26 13:45:00,600110,2025-08-26,13:45:00,15,7.19,7.2,7.18,7.2,4245700,30543163.0
2025-08-26 14:00:00,600110,2025-08-26,14:00:00,15,7.19,7.22,7.19,7.2,4741700,34129664.0
2025-08-26 14:15:00,600110,2025-08-26,14:15:00,15,7.21,7.21,7.19,7.19,4205900,30287547.0
2025-08-26 14:30:00,600110,2025-08-26,14:30:00,15,7.19,7.2,7.18,7.19,5506300,39574022.0
2025-08-26 14:45:00,600110,2025-08-26,14:45:00,15,7.18,7.19,7.16,7.16,12486100,89608572.0
2025-08-26 15:00:00,600110,2025-08-26,15:00:00,15,7.16,7.17,7.15,7.17,14253100,102079619.0
2025-08-27 09:45:00,600110,2025-08-27,09:45:00,15,7.16,7.26,7.13,7.17,18742300,134760480.0
2025-08-27 10:00:00,600110,2025-08-27,10:00:00,15,7.18,7.22,7.14,7.18,11679700,83776928.0
2025-08-27 10:15:00,600110,2025-08-27,10:15:00,15,7.19,7.22,7.17,7.21,8307800,59772960.0
2025-08-27 10:30:00,600110,2025-08-27,10:30:00,15,7.21,7.22,7.16,7.17,5571200,40067168.0
2025-08-27 10:45:00,600110,2025-08-27,10:45:00,15,7.16,7.2,7.15,7.17,4847600,34753536.0
2025-08-27 11:00:00,600110,2025-08-27,11:00:00,15,7.17,7.21,7.16,7.19,4369100,31423232.0
2025-08-27 11:15:00,600110,2025-08-27,11:15:00,15,7.19,7.2,7.18,7.19,2147900,15440000.0
2025-08-27 11:30:00,600110,2025-08-27,11:30:00,15,7.19,7.2,7.18,7.18,2752500,19783264.0
2025-08-27 13:15:00,600110,2025-08-27,13:15:00,15,7.19,7.19,7.13,7.13,11462700,81970688.0
2025-08-27 13:30:00,600110,2025-08-27,13:30:00,15,7.14,7.14,7.11,7.12,8859100,63152352.0
2025-08-27 13:45:00,600110,2025-08-27,13:45:00,15,7.11,7.11,7.07,7.08,13840300,98136441.0
2025-08-27 14:00:00,600110,2025-08-27,14:00:00,15,7.09,7.09,7.01,7.02,14634100,103146247.0
2025-08-27 14:15:00,600110,2025-08-27,14:15:00,15,7.02,7.08,7.02,7.06,6699600,47295616.0
2025-08-27 14:30:00,600110,2025-08-27,14:30:00,15,7.05,7.06,6.97,6.97,14779400,103597952.0
2025-08-27 14:45:00,600110,2025-08-27,14:45:00,15,6.97,7.0,6.93,6.94,13018200,90648128.0
2025-08-27 15:00:00,600110,2025-08-27,15:00:00,15,6.93,6.94,6.89,6.89,17012400,117534272.0
2025-08-28 09:45:00,600110,2025-08-28,09:45:00,15,6.9,6.92,6.8,6.87,25503100,174730800.0
2025-08-28 10:00:00,600110,2025-08-28,10:00:00,15,6.87,6.91,6.83,6.83,8703400,59849472.0
2025-08-28 10:15:00,600110,2025-08-28,10:15:00,15,6.83,6.87,6.78,6.83,10716500,73048336.0
2025-08-28 10:30:00,600110,2025-08-28,10:30:00,15,6.82,6.86,6.8,6.83,5688800,38824160.0
2025-08-28 10:45:00,600110,2025-08-28,10:45:00,15,6.82,6.86,6.82,6.84,5313300,36338528.0
2025-08-28 11:00:00,600110,2025-08-28,11:00:00,15,6.84,6.86,6.79,6.8,5170500,35288224.0
2025-08-28 11:15:00,600110,2025-08-28,11:15:00,15,6.8,6.81,6.77,6.78,7014800,47604320.0
2025-08-28 11:30:00,600110,2025-08-28,11:30:00,15,6.78,6.78,6.68,6.72,12847200,86309888.0
2025-08-28 13:15:00,600110,2025-08-28,13:15:00,15,6.72,6.75,6.68,6.69,6155700,41321278.0
2025-08-28 13:30:00,600110,2025-08-28,13:30:00,15,6.69,6.71,6.62,6.62,12790800,85146946.0
2025-08-28 13:45:00,600110,2025-08-28,13:45:00,15,6.62,6.69,6.59,6.69,13476500,89311616.0
2025-08-28 14:00:00,600110,2025-08-28,14:00:00,15,6.69,6.86,6.69,6.81,10794900,73210946.0
2025-08-28 14:15:00,600110,2025-08-28,14:15:00,15,6.81,6.89,6.8,6.88,6686700,45739966.0
2025-08-28 14:30:00,600110,2025-08-28,14:30:00,15,6.89,6.89,6.82,6.85,4925900,33782464.0
2025-08-28 14:45:00,600110,2025-08-28,14:45:00,15,6.84,6.9,6.84,6.89,5524200,37994496.0
2025-08-28 15:00:00,600110,2025-08-28,15:00:00,15,6.9,6.94,6.89,6.94,11522700,79691200.0
2025-08-29 09:45:00,600110,2025-08-29,09:45:00,15,6.95,6.97,6.83,6.84,17286000,119275064.0
2025-08-29 10:00:00,600110,2025-08-29,10:00:00,15,6.85,7.07,6.83,7.04,26747100,186948392.0
2025-08-29 10:15:00,600110,2025-08-29,10:15:00,15,7.03,7.14,7.0,7.07,35940400,254593754.0
2025-08-29 10:30:00,600110,2025-08-29,10:30:00,15,7.07,7.14,7.03,7.13,14207000,100960454.0
2025-08-29 10:45:00,600110,2025-08-29,10:45:00,15,7.13,7.17,7.13,7.15,14347000,102585856.0
2025-08-29 11:00:00,600110,2025-08-29,11:00:00,15,7.15,7.16,7.13,7.16,9174900,65619328.0
2025-08-29 11:15:00,600110,2025-08-29,11:15:00,15,7.15,7.18,7.1,7.13,13285400,94989816.0
2025-08-29 11:30:00,600110,2025-08-29,11:30:00,15,7.13,7.14,7.1,7.14,4695100,33451976.0
2025-08-29 13:15:00,600110,2025-08-29,13:15:00,15,7.14,7.23,7.14,7.18,15058800,108286464.0
2025-08-29 13:30:00,600110,2025-08-29,13:30:00,15,7.18,7.21,7.16,7.17,5619300,40340544.0
2025-08-29 13:45:00,600110,2025-08-29,13:45:00,15,7.16,7.17,7.11,7.11,6160400,43995648.0
2025-08-29 14:00:00,600110,2025-08-29,14:00:00,15,7.12,7.14,7.1,7.13,5330600,37950586.0
2025-08-29 14:15:00,600110,2025-08-29,14:15:00,15,7.13,7.13,7.1,7.12,5252800,37360638.0
2025-08-29 14:30:00,600110,2025-08-29,14:30:00,15,7.11,7.12,7.09,7.09,6031100,42850950.0
2025-08-29 14:45:00,600110,2025-08-29,14:45:00,15,7.09,7.11,7.09,7.11,6911000,49069054.0
2025-08-29 15:00:00,600110,2025-08-29,15:00:00,15,7.11,7.12,7.1,7.11,13122500,93303562.0
2025-09-01 09:45:00,600110,2025-09-01,09:45:00,15,7.12,7.23,7.01,7.11,37948200,270013856.0
2025-09-01 10:00:00,600110,2025-09-01,10:00:00,15,7.11,7.13,7.02,7.1,15582900,110154048.0
2025-09-01 10:15:00,600110,2025-09-01,10:15:00,15,7.11,7.33,7.08,7.3,35951600,260074464.0
2025-09-01 10:30:00,600110,2025-09-01,10:30:00,15,7.3,7.45,7.29,7.45,37427600,275606976.0
2025-09-01 10:45:00,600110,2025-09-01,10:45:00,15,7.45,7.78,7.45,7.58,48031200,365636608.0
2025-09-01 11:00:00,600110,2025-09-01,11:00:00,15,7.57,7.6,7.53,7.55,10161600,76815744.0
2025-09-01 11:15:00,600110,2025-09-01,11:15:00,15,7.55,7.56,7.45,7.48,9451200,70887296.0
2025-09-01 11:30:00,600110,2025-09-01,11:30:00,15,7.49,7.55,7.46,7.49,6227500,46810240.0
2025-09-01 13:15:00,600110,2025-09-01,13:15:00,15,7.49,7.55,7.49,7.54,5399900,40618496.0
2025-09-01 13:30:00,600110,2025-09-01,13:30:00,15,7.54,7.54,7.5,7.51,3346400,25143296.0
2025-09-01 13:45:00,600110,2025-09-01,13:45:00,15,7.5,7.51,7.48,7.49,4405200,33049856.0
2025-09-01 14:00:00,600110,2025-09-01,14:00:00,15,7.49,7.5,7.41,7.49,6153300,45918080.0
2025-09-01 14:15:00,600110,2025-09-01,14:15:00,15,7.5,7.5,7.45,7.46,3538700,26439424.0
2025-09-01 14:30:00,600110,2025-09-01,14:30:00,15,7.46,7.49,7.45,7.47,4589100,34289664.0
2025-09-01 14:45:00,600110,2025-09-01,14:45:00,15,7.47,7.5,7.46,7.49,6798000,50819584.0
2025-09-01 15:00:00,600110,2025-09-01,15:00:00,15,7.49,7.59,7.49,7.59,21194300,159931136.0
2025-09-02 09:45:00,600110,2025-09-02,09:45:00,15,7.5,7.55,7.31,7.4,48393600,358480576.0
2025-09-02 10:00:00,600110,2025-09-02,10:00:00,15,7.4,7.42,7.23,7.28,25080900,183507072.0
2025-09-02 10:15:00,600110,2025-09-02,10:15:00,15,7.27,7.71,7.24,7.49,37526900,282302976.0
2025-09-02 10:30:00,600110,2025-09-02,10:30:00,15,7.48,7.59,7.44,7.55,11474000,85905728.0
2025-09-02 10:45:00,600110,2025-09-02,10:45:00,15,7.54,7.56,7.4,7.4,6820000,50827776.0
2025-09-02 11:00:00,600110,2025-09-02,11:00:00,15,7.4,7.46,7.36,7.36,4931000,36507780.0
2025-09-02 11:15:00,600110,2025-09-02,11:15:00,15,7.37,7.42,7.35,7.4,3854000,28440374.0
2025-09-02 11:30:00,600110,2025-09-02,11:30:00,15,7.4,7.48,7.37,7.46,3512300,26035392.0
2025-09-02 13:15:00,600110,2025-09-02,13:15:00,15,7.46,7.47,7.35,7.36,4903100,36233862.0
2025-09-02 13:30:00,600110,2025-09-02,13:30:00,15,7.36,7.38,7.32,7.32,4451300,32714880.0
2025-09-02 13:45:00,600110,2025-09-02,13:45:00,15,7.33,7.43,7.33,7.41,4016800,29627900.0
2025-09-02 14:00:00,600110,2025-09-02,14:00:00,15,7.4,7.45,7.37,7.37,3473100,25712132.0
2025-09-02 14:15:00,600110,2025-09-02,14:15:00,15,7.38,7.4,7.36,7.39,2355800,17373694.0
2025-09-02 14:30:00,600110,2025-09-02,14:30:00,15,7.38,7.39,7.35,7.36,3601900,26514562.0
2025-09-02 14:45:00,600110,2025-09-02,14:45:00,15,7.36,7.37,7.33,7.33,5105000,37545472.0
2025-09-02 15:00:00,600110,2025-09-02,15:00:00,15,7.33,7.36,7.31,7.36,9722700,71303680.0
2025-09-03 09:45:00,600110,2025-09-03,09:45:00,15,7.27,7.47,7.11,7.44,33203100,243238480.0
2025-09-03 10:00:00,600110,2025-09-03,10:00:00,15,7.44,7.56,7.33,7.53,25381600,189512816.0
2025-09-03 10:15:00,600110,2025-09-03,10:15:00,15,7.53,7.53,7.41,7.47,12675000,94770080.0
2025-09-03 10:30:00,600110,2025-09-03,10:30:00,15,7.47,7.5,7.41,7.43,8147100,60789600.0
2025-09-03 10:45:00,600110,2025-09-03,10:45:00,15,7.43,7.44,7.3,7.44,9776800,72101112.0
2025-09-03 11:00:00,600110,2025-09-03,11:00:00,15,7.45,7.45,7.36,7.39,4871000,36064968.0
2025-09-03 11:15:00,600110,2025-09-03,11:15:00,15,7.39,7.39,7.32,7.32,4820000,35424254.0
2025-09-03 11:30:00,600110,2025-09-03,11:30:00,15,7.32,7.33,7.26,7.26,5566900,40647554.0
2025-09-03 13:15:00,600110,2025-09-03,13:15:00,15,7.27,7.37,7.25,7.34,3403500,24849094.0
2025-09-03 13:30:00,600110,2025-09-03,13:30:00,15,7.34,7.37,7.31,7.31,3210900,23592564.0
2025-09-03 13:45:00,600110,2025-09-03,13:45:00,15,7.32,7.33,7.27,7.31,3756700,27422534.0
2025-09-03 14:00:00,600110,2025-09-03,14:00:00,15,7.31,7.32,7.27,7.3,3177700,23139136.0
2025-09-03 14:15:00,600110,2025-09-03,14:15:00,15,7.3,7.35,7.28,7.34,2778800,20319360.0
2025-09-03 14:30:00,600110,2025-09-03,14:30:00,15,7.34,7.35,7.3,7.3,2714100,19853632.0
2025-09-03 14:45:00,600110,2025-09-03,14:45:00,15,7.3,7.31,7.19,7.19,7302800,53043776.0
2025-09-03 15:00:00,600110,2025-09-03,15:00:00,15,7.18,7.24,7.16,7.23,11754300,84616384.0
2025-09-04 09:45:00,600110,2025-09-04,09:45:00,15,7.26,7.66,7.26,7.54,80582200,608757496.0
2025-09-04 10:00:00,600110,2025-09-04,10:00:00,15,7.53,7.62,7.45,7.46,24748400,186366988.0
2025-09-04 10:15:00,600110,2025-09-04,10:15:00,15,7.45,7.49,7.39,7.47,14847900,110372988.0
2025-09-04 10:30:00,600110,2025-09-04,10:30:00,15,7.47,7.47,7.41,7.42,6526700,48557888.0
2025-09-04 10:45:00,600110,2025-09-04,10:45:00,15,7.43,7.43,7.35,7.39,8246800,60918720.0
2025-09-04 11:00:00,600110,2025-09-04,11:00:00,15,7.39,7.43,7.29,7.41,8883900,65382528.0
2025-09-04 11:15:00,600110,2025-09-04,11:15:00,15,7.41,7.48,7.37,7.38,6000400,44571776.0
2025-09-04 11:30:00,600110,2025-09-04,11:30:00,15,7.39,7.41,7.37,7.38,3062300,22638592.0
2025-09-04 13:15:00,600110,2025-09-04,13:15:00,15,7.39,7.41,7.35,7.41,4825700,35643776.0
2025-09-04 13:30:00,600110,2025-09-04,13:30:00,15,7.4,7.4,7.33,7.34,4557600,33531264.0
2025-09-04 13:45:00,600110,2025-09-04,13:45:00,15,7.34,7.35,7.27,7.27,8479700,61881600.0
2025-09-04 14:00:00,600110,2025-09-04,14:00:00,15,7.28,7.36,7.27,7.32,4690100,34347904.0
2025-09-04 14:15:00,600110,2025-09-04,14:15:00,15,7.31,7.33,7.26,7.27,5539200,40381952.0
2025-09-04 14:30:00,600110,2025-09-04,14:30:00,15,7.27,7.27,7.21,7.22,9420900,68204032.0
2025-09-04 14:45:00,600110,2025-09-04,14:45:00,15,7.21,7.36,7.06,7.33,12926900,93091840.0
2025-09-04 15:00:00,600110,2025-09-04,15:00:00,15,7.33,7.41,7.28,7.41,15787300,116389892.0
2025-09-05 09:45:00,600110,2025-09-05,09:45:00,15,7.21,7.74,7.21,7.63,71620800,541562747.0
2025-09-05 10:00:00,600110,2025-09-05,10:00:00,15,7.64,7.68,7.51,7.56,29722300,225623365.0
2025-09-05 10:15:00,600110,2025-09-05,10:15:00,15,7.56,7.68,7.56,7.65,23227300,177106244.0
2025-09-05 10:30:00,600110,2025-09-05,10:30:00,15,7.65,7.65,7.6,7.64,10480200,79974400.0
2025-09-05 10:45:00,600110,2025-09-05,10:45:00,15,7.64,7.68,7.56,7.66,14624300,111535612.0
2025-09-05 11:00:00,600110,2025-09-05,11:00:00,15,7.66,7.66,7.6,7.61,5829900,44459262.0
2025-09-05 11:15:00,600110,2025-09-05,11:15:00,15,7.6,7.63,7.58,7.6,5486400,41726726.0
2025-09-05 11:30:00,600110,2025-09-05,11:30:00,15,7.61,7.61,7.58,7.6,4061300,30847484.0
2025-09-05 13:15:00,600110,2025-09-05,13:15:00,15,7.6,7.65,7.6,7.63,6592400,50296568.0
2025-09-05 13:30:00,600110,2025-09-05,13:30:00,15,7.63,7.72,7.62,7.7,21406800,164478216.0
2025-09-05 13:45:00,600110,2025-09-05,13:45:00,15,7.69,7.7,7.67,7.69,8780700,67502720.0
2025-09-05 14:00:00,600110,2025-09-05,14:00:00,15,7.68,7.72,7.68,7.71,12080500,93046656.0
2025-09-05 14:15:00,600110,2025-09-05,14:15:00,15,7.71,7.71,7.65,7.65,10313800,79282688.0
2025-09-05 14:30:00,600110,2025-09-05,14:30:00,15,7.65,7.7,7.65,7.69,9101600,69883648.0
2025-09-05 14:45:00,600110,2025-09-05,14:45:00,15,7.68,7.7,7.67,7.69,13755500,105740032.0
2025-09-05 15:00:00,600110,2025-09-05,15:00:00,15,7.69,7.73,7.68,7.73,30986400,238656640.0
2025-09-08 09:45:00,600110,2025-09-08,09:45:00,15,7.75,7.8,7.42,7.5,85602300,648442624.0
2025-09-08 10:00:00,600110,2025-09-08,10:00:00,15,7.49,7.59,7.44,7.53,22363900,167686146.0
2025-09-08 10:15:00,600110,2025-09-08,10:15:00,15,7.53,7.56,7.48,7.49,9751200,73170433.0
2025-09-08 10:30:00,600110,2025-09-08,10:30:00,15,7.48,7.5,7.45,7.45,10365000,77390077.0
2025-09-08 10:45:00,600110,2025-09-08,10:45:00,15,7.45,7.51,7.45,7.46,7546300,56409664.0
2025-09-08 11:00:00,600110,2025-09-08,11:00:00,15,7.46,7.68,7.46,7.67,21588900,164301120.0
2025-09-08 11:15:00,600110,2025-09-08,11:15:00,15,7.67,7.68,7.55,7.58,7178400,54617470.0
2025-09-08 11:30:00,600110,2025-09-08,11:30:00,15,7.59,7.63,7.55,7.6,3965600,30089466.0
2025-09-08 13:15:00,600110,2025-09-08,13:15:00,15,7.6,7.64,7.51,7.52,6444600,48805636.0
2025-09-08 13:30:00,600110,2025-09-08,13:30:00,15,7.51,7.55,7.5,7.51,4809500,36147973.0
2025-09-08 13:45:00,600110,2025-09-08,13:45:00,15,7.5,7.55,7.47,7.53,5159300,38696311.0
2025-09-08 14:00:00,600110,2025-09-08,14:00:00,15,7.53,7.54,7.48,7.54,4663100,34997249.0
2025-09-08 14:15:00,600110,2025-09-08,14:15:00,15,7.54,7.54,7.49,7.5,5166100,38778126.0
2025-09-08 14:30:00,600110,2025-09-08,14:30:00,15,7.49,7.51,7.48,7.5,6360000,47647737.0
2025-09-08 14:45:00,600110,2025-09-08,14:45:00,15,7.5,7.53,7.49,7.53,6108800,45930759.0
2025-09-08 15:00:00,600110,2025-09-08,15:00:00,15,7.52,7.53,7.51,7.52,13031700,97961593.0
2025-09-09 09:45:00,600110,2025-09-09,09:45:00,15,7.4,7.65,7.36,7.62,33411400,250822480.0
2025-09-09 10:00:00,600110,2025-09-09,10:00:00,15,7.63,8.24,7.55,8.24,84028500,663536560.0
2025-09-09 10:15:00,600110,2025-09-09,10:15:00,15,8.27,8.27,8.06,8.08,113761700,934875520.0
2025-09-09 10:30:00,600110,2025-09-09,10:30:00,15,8.08,8.13,8.02,8.06,21424200,172728704.0
2025-09-09 10:45:00,600110,2025-09-09,10:45:00,15,8.06,8.11,8.05,8.06,9851900,79654912.0
2025-09-09 11:00:00,600110,2025-09-09,11:00:00,15,8.06,8.08,8.02,8.04,8883800,71509500.0
2025-09-09 11:15:00,600110,2025-09-09,11:15:00,15,8.04,8.05,8.02,8.03,5966000,47965952.0
2025-09-09 11:30:00,600110,2025-09-09,11:30:00,15,8.02,8.03,7.93,7.97,14260400,113825540.0
2025-09-09 13:15:00,600110,2025-09-09,13:15:00,15,7.96,8.05,7.96,7.98,7770800,62330879.0
2025-09-09 13:30:00,600110,2025-09-09,13:30:00,15,7.97,8.0,7.93,7.96,7855900,62582529.0
2025-09-09 13:45:00,600110,2025-09-09,13:45:00,15,7.95,7.98,7.92,7.98,7042600,55968768.0
2025-09-09 14:00:00,600110,2025-09-09,14:00:00,15,7.98,8.07,7.94,8.06,9166700,73462528.0
2025-09-09 14:15:00,600110,2025-09-09,14:15:00,15,8.06,8.15,7.98,8.14,12611600,102044160.0
2025-09-09 14:30:00,600110,2025-09-09,14:30:00,15,8.15,8.26,8.03,8.1,20325500,166422784.0
2025-09-09 14:45:00,600110,2025-09-09,14:45:00,15,8.11,8.14,8.09,8.1,9293800,75453952.0
2025-09-09 15:00:00,600110,2025-09-09,15:00:00,15,8.1,8.11,8.03,8.07,19681600,159024640.0
2025-09-10 09:45:00,600110,2025-09-10,09:45:00,15,7.65,7.9,7.58,7.7,83257900,643363012.0
2025-09-10 10:00:00,600110,2025-09-10,10:00:00,15,7.71,7.77,7.66,7.66,31307300,241428352.0
2025-09-10 10:15:00,600110,2025-09-10,10:15:00,15,7.65,7.7,7.63,7.7,18783900,143853500.0
2025-09-10 10:30:00,600110,2025-09-10,10:30:00,15,7.7,7.71,7.62,7.67,14948200,114406022.0
2025-09-10 10:45:00,600110,2025-09-10,10:45:00,15,7.67,7.8,7.66,7.72,11641100,90238330.0
2025-09-10 11:00:00,600110,2025-09-10,11:00:00,15,7.71,7.77,7.71,7.76,5192000,40196347.0
2025-09-10 11:15:00,600110,2025-09-10,11:15:00,15,7.77,7.79,7.75,7.77,5309100,41272965.0
2025-09-10 11:30:00,600110,2025-09-10,11:30:00,15,7.77,7.81,7.76,7.76,5260700,40956280.0
2025-09-10 13:15:00,600110,2025-09-10,13:15:00,15,7.75,7.85,7.72,7.83,7754100,60362248.0
2025-09-10 13:30:00,600110,2025-09-10,13:30:00,15,7.82,7.92,7.76,7.88,11194900,87875072.0
2025-09-10 13:45:00,600110,2025-09-10,13:45:00,15,7.86,7.88,7.81,7.81,6509100,50961664.0
2025-09-10 14:00:00,600110,2025-09-10,14:00:00,15,7.81,7.82,7.77,7.8,6136400,47817344.0
2025-09-10 14:15:00,600110,2025-09-10,14:15:00,15,7.79,7.83,7.78,7.82,7176600,56043904.0
2025-09-10 14:30:00,600110,2025-09-10,14:30:00,15,7.82,7.83,7.79,7.79,7466000,58306816.0
2025-09-10 14:45:00,600110,2025-09-10,14:45:00,15,7.8,7.8,7.76,7.79,11297400,87895168.0
2025-09-10 15:00:00,600110,2025-09-10,15:00:00,15,7.79,7.85,7.78,7.85,20787600,162510976.0
2025-09-11 09:45:00,600110,2025-09-11,09:45:00,15,7.77,7.78,7.61,7.73,34244100,262376240.0
2025-09-11 10:00:00,600110,2025-09-11,10:00:00,15,7.73,7.75,7.65,7.7,11826000,91113744.0
2025-09-11 10:15:00,600110,2025-09-11,10:15:00,15,7.7,7.74,7.69,7.71,7815200,60262048.0
2025-09-11 10:30:00,600110,2025-09-11,10:30:00,15,7.7,7.74,7.68,7.74,8236100,63447776.0
2025-09-11 10:45:00,600110,2025-09-11,10:45:00,15,7.74,7.74,7.7,7.7,5709700,44022944.0
2025-09-11 11:00:00,600110,2025-09-11,11:00:00,15,7.7,7.75,7.69,7.74,7061600,54450716.0
2025-09-11 11:15:00,600110,2025-09-11,11:15:00,15,7.74,7.74,7.71,7.74,6162000,47619262.0
2025-09-11 11:30:00,600110,2025-09-11,11:30:00,15,7.75,7.82,7.74,7.82,6663700,51808129.0
2025-09-11 13:15:00,600110,2025-09-11,13:15:00,15,7.82,7.85,7.76,7.77,12560200,98192199.0
2025-09-11 13:30:00,600110,2025-09-11,13:30:00,15,7.77,8.07,7.77,7.94,35165400,279711934.0
2025-09-11 13:45:00,600110,2025-09-11,13:45:00,15,7.93,7.97,7.86,7.89,13010000,102992448.0
2025-09-11 14:00:00,600110,2025-09-11,14:00:00,15,7.88,7.94,7.88,7.9,6586100,52032640.0
2025-09-11 14:15:00,600110,2025-09-11,14:15:00,15,7.89,7.91,7.85,7.86,7773500,61257600.0
2025-09-11 14:30:00,600110,2025-09-11,14:30:00,15,7.87,7.9,7.86,7.88,6312400,49728896.0
2025-09-11 14:45:00,600110,2025-09-11,14:45:00,15,7.89,7.91,7.88,7.9,9078200,71666816.0
2025-09-11 15:00:00,600110,2025-09-11,15:00:00,15,7.89,7.9,7.87,7.88,19956400,157272448.0
2025-09-12 09:45:00,600110,2025-09-12,09:45:00,15,7.8,7.93,7.72,7.78,30847600,240830976.0
2025-09-12 10:00:00,600110,2025-09-12,10:00:00,15,7.78,7.88,7.78,7.81,12471200,97455520.0
2025-09-12 10:15:00,600110,2025-09-12,10:15:00,15,7.82,7.85,7.74,7.74,14973400,116487008.0
2025-09-12 10:30:00,600110,2025-09-12,10:30:00,15,7.74,7.75,7.71,7.75,15580800,120361025.0
2025-09-12 10:45:00,600110,2025-09-12,10:45:00,15,7.75,7.75,7.7,7.7,11110800,85779139.0
2025-09-12 11:00:00,600110,2025-09-12,11:00:00,15,7.7,7.71,7.63,7.63,18423800,141356860.0
2025-09-12 11:15:00,600110,2025-09-12,11:15:00,15,7.64,7.73,7.63,7.72,6811900,52271431.0
2025-09-12 11:30:00,600110,2025-09-12,11:30:00,15,7.72,7.86,7.71,7.86,9593600,74770360.0
2025-09-12 13:15:00,600110,2025-09-12,13:15:00,15,7.86,7.88,7.76,7.77,6649000,51959998.0
2025-09-12 13:30:00,600110,2025-09-12,13:30:00,15,7.78,7.8,7.72,7.75,4578200,35507459.0
2025-09-12 13:45:00,600110,2025-09-12,13:45:00,15,7.75,7.78,7.73,7.74,3140600,24334906.0
2025-09-12 14:00:00,600110,2025-09-12,14:00:00,15,7.74,7.75,7.71,7.71,4305000,33278278.0
2025-09-12 14:15:00,600110,2025-09-12,14:15:00,15,7.71,7.72,7.68,7.72,6730300,51842178.0
2025-09-12 14:30:00,600110,2025-09-12,14:30:00,15,7.72,7.75,7.71,7.72,3693300,28538231.0
2025-09-12 14:45:00,600110,2025-09-12,14:45:00,15,7.73,7.73,7.7,7.71,6143500,47356422.0
2025-09-12 15:00:00,600110,2025-09-12,15:00:00,15,7.71,7.71,7.68,7.69,14011200,107829505.0
2025-09-15 09:45:00,600110,2025-09-15,09:45:00,15,7.63,7.83,7.63,7.7,29039000,225028768.0
2025-09-15 10:00:00,600110,2025-09-15,10:00:00,15,7.71,7.73,7.68,7.7,11240500,86564928.0
2025-09-15 10:15:00,600110,2025-09-15,10:15:00,15,7.7,7.78,7.69,7.73,10793600,83551904.0
2025-09-15 10:30:00,600110,2025-09-15,10:30:00,15,7.72,7.72,7.68,7.71,8409300,64732352.0
2025-09-15 10:45:00,600110,2025-09-15,10:45:00,15,7.7,7.74,7.69,7.7,4947700,38134048.0
2025-09-15 11:00:00,600110,2025-09-15,11:00:00,15,7.7,7.71,7.68,7.68,4260600,32771232.0
2025-09-15 11:15:00,600110,2025-09-15,11:15:00,15,7.68,7.69,7.63,7.63,6698900,51292792.0
2025-09-15 11:30:00,600110,2025-09-15,11:30:00,15,7.63,7.66,7.63,7.65,4434500,33882828.0
2025-09-15 13:15:00,600110,2025-09-15,13:15:00,15,7.66,7.67,7.63,7.64,4873700,37269624.0
2025-09-15 13:30:00,600110,2025-09-15,13:30:00,15,7.63,7.64,7.63,7.63,5558200,42424774.0
2025-09-15 13:45:00,600110,2025-09-15,13:45:00,15,7.63,7.63,7.57,7.58,9384600,71355646.0
2025-09-15 14:00:00,600110,2025-09-15,14:00:00,15,7.58,7.6,7.54,7.58,8882300,67169600.0
2025-09-15 14:15:00,600110,2025-09-15,14:15:00,15,7.59,7.6,7.55,7.56,4830000,36556480.0
2025-09-15 14:30:00,600110,2025-09-15,14:30:00,15,7.55,7.57,7.54,7.54,6752600,51008960.0
2025-09-15 14:45:00,600110,2025-09-15,14:45:00,15,7.54,7.56,7.54,7.56,6036800,45593024.0
2025-09-15 15:00:00,600110,2025-09-15,15:00:00,15,7.55,7.56,7.54,7.55,11317600,85427200.0
2025-09-16 09:45:00,600110,2025-09-16,09:45:00,15,7.49,7.49,7.26,7.27,42454100,312833600.0
2025-09-16 10:00:00,600110,2025-09-16,10:00:00,15,7.27,7.32,7.24,7.26,23221100,168830656.0
2025-09-16 10:15:00,600110,2025-09-16,10:15:00,15,7.25,7.29,7.25,7.28,7772500,56503488.0
2025-09-16 10:30:00,600110,2025-09-16,10:30:00,15,7.29,7.29,7.22,7.22,15515700,112378298.0
2025-09-16 10:45:00,600110,2025-09-16,10:45:00,15,7.23,7.23,7.16,7.19,16240300,116893126.0
2025-09-16 11:00:00,600110,2025-09-16,11:00:00,15,7.18,7.2,7.17,7.17,6664300,47875584.0
2025-09-16 11:15:00,600110,2025-09-16,11:15:00,15,7.17,7.22,7.16,7.22,5446200,39130048.0
2025-09-16 11:30:00,600110,2025-09-16,11:30:00,15,7.22,7.28,7.21,7.24,4177700,30287288.0
2025-09-16 13:15:00,600110,2025-09-16,13:15:00,15,7.24,7.26,7.22,7.26,6073300,43948608.0
2025-09-16 13:30:00,600110,2025-09-16,13:30:00,15,7.26,7.28,7.2,7.21,5039900,36476036.0
2025-09-16 13:45:00,600110,2025-09-16,13:45:00,15,7.22,7.24,7.21,7.24,3263500,23586493.0
2025-09-16 14:00:00,600110,2025-09-16,14:00:00,15,7.23,7.28,7.23,7.28,5524600,40083657.0
2025-09-16 14:15:00,600110,2025-09-16,14:15:00,15,7.28,7.31,7.27,7.29,6038400,44034166.0
2025-09-16 14:30:00,600110,2025-09-16,14:30:00,15,7.28,7.3,7.28,7.29,3760400,27422606.0
2025-09-16 14:45:00,600110,2025-09-16,14:45:00,15,7.29,7.3,7.28,7.29,6318200,46061820.0
2025-09-16 15:00:00,600110,2025-09-16,15:00:00,15,7.28,7.3,7.28,7.3,10970200,79999490.0
2025-09-17 09:45:00,600110,2025-09-17,09:45:00,15,7.27,7.33,7.18,7.28,16687200,120623560.0
2025-09-17 10:00:00,600110,2025-09-17,10:00:00,15,7.27,7.32,7.25,7.27,9546800,69649080.0
2025-09-17 10:15:00,600110,2025-09-17,10:15:00,15,7.27,7.27,7.21,7.24,7028200,50894192.0
2025-09-17 10:30:00,600110,2025-09-17,10:30:00,15,7.24,7.25,7.21,7.24,4952100,35788688.0
2025-09-17 10:45:00,600110,2025-09-17,10:45:00,15,7.24,7.29,7.22,7.27,3829300,27772416.0
2025-09-17 11:00:00,600110,2025-09-17,11:00:00,15,7.27,7.31,7.26,7.31,6152000,44864160.0
2025-09-17 11:15:00,600110,2025-09-17,11:15:00,15,7.3,7.31,7.28,7.29,4854200,35425728.0
2025-09-17 11:30:00,600110,2025-09-17,11:30:00,15,7.29,7.29,7.27,7.27,2923200,21282048.0
2025-09-17 13:15:00,600110,2025-09-17,13:15:00,15,7.28,7.3,7.26,7.26,2574100,18716224.0
2025-09-17 13:30:00,600110,2025-09-17,13:30:00,15,7.26,7.27,7.23,7.24,3545700,25715360.0
2025-09-17 13:45:00,600110,2025-09-17,13:45:00,15,7.24,7.24,7.22,7.24,3058900,22125696.0
2025-09-17 14:00:00,600110,2025-09-17,14:00:00,15,7.24,7.24,7.22,7.24,3177000,22967296.0
2025-09-17 14:15:00,600110,2025-09-17,14:15:00,15,7.23,7.24,7.22,7.22,3108300,22464320.0
2025-09-17 14:30:00,600110,2025-09-17,14:30:00,15,7.22,7.23,7.21,7.21,5453200,39371076.0
2025-09-17 14:45:00,600110,2025-09-17,14:45:00,15,7.22,7.22,7.2,7.21,6885200,49647932.0
2025-09-17 15:00:00,600110,2025-09-17,15:00:00,15,7.22,7.23,7.21,7.23,8938100,64534086.0
2025-09-18 09:45:00,600110,2025-09-18,09:45:00,15,7.23,7.23,7.1,7.12,20308500,145185504.0
2025-09-18 10:00:00,600110,2025-09-18,10:00:00,15,7.11,7.15,7.06,7.11,19212800,136223808.0
2025-09-18 10:15:00,600110,2025-09-18,10:15:00,15,7.11,7.17,7.11,7.15,8350700,59616480.0
2025-09-18 10:30:00,600110,2025-09-18,10:30:00,15,7.16,7.2,7.14,7.2,8043500,57598368.0
2025-09-18 10:45:00,600110,2025-09-18,10:45:00,15,7.2,7.21,7.15,7.17,3422600,24573920.0
2025-09-18 11:00:00,600110,2025-09-18,11:00:00,15,7.18,7.2,7.16,7.18,3437400,24667680.0
2025-09-18 11:15:00,600110,2025-09-18,11:15:00,15,7.19,7.19,7.15,7.19,3809600,27326304.0
2025-09-18 11:30:00,600110,2025-09-18,11:30:00,15,7.19,7.19,7.18,7.19,2365500,16997376.0
2025-09-18 13:15:00,600110,2025-09-18,13:15:00,15,7.19,7.22,7.18,7.18,5422700,39056064.0
2025-09-18 13:30:00,600110,2025-09-18,13:30:00,15,7.19,7.19,7.12,7.13,6001300,42916795.0
2025-09-18 13:45:00,600110,2025-09-18,13:45:00,15,7.14,7.19,7.13,7.15,3884500,27840511.0
2025-09-18 14:00:00,600110,2025-09-18,14:00:00,15,7.16,7.16,7.1,7.11,6327800,45099526.0
2025-09-18 14:15:00,600110,2025-09-18,14:15:00,15,7.11,7.11,7.05,7.07,12448600,88078904.0
2025-09-18 14:30:00,600110,2025-09-18,14:30:00,15,7.06,7.11,7.06,7.07,6519900,46160512.0
2025-09-18 14:45:00,600110,2025-09-18,14:45:00,15,7.07,7.07,6.98,7.0,14882000,104551240.0
2025-09-18 15:00:00,600110,2025-09-18,15:00:00,15,7.01,7.05,7.0,7.03,7910900,55654656.0
2025-09-19 09:45:00,600110,2025-09-19,09:45:00,15,6.99,7.01,6.91,6.91,17919100,124760536.0
2025-09-19 10:00:00,600110,2025-09-19,10:00:00,15,6.92,6.99,6.91,6.92,9361700,65029096.0
2025-09-19 10:15:00,600110,2025-09-19,10:15:00,15,6.92,6.96,6.9,6.94,8883700,61467408.0
2025-09-19 10:30:00,600110,2025-09-19,10:30:00,15,6.93,7.12,6.93,7.08,15836500,111556304.0
2025-09-19 10:45:00,600110,2025-09-19,10:45:00,15,7.08,7.09,7.03,7.07,5757000,40652544.0
2025-09-19 11:00:00,600110,2025-09-19,11:00:00,15,7.06,7.07,7.0,7.02,4716700,33173216.0
2025-09-19 11:15:00,600110,2025-09-19,11:15:00,15,7.02,7.03,7.0,7.02,2324900,16304832.0
2025-09-19 11:30:00,600110,2025-09-19,11:30:00,15,7.02,7.02,7.0,7.02,1532700,10744128.0
2025-09-19 13:15:00,600110,2025-09-19,13:15:00,15,7.02,7.05,7.0,7.04,2479300,17428800.0
2025-09-19 13:30:00,600110,2025-09-19,13:30:00,15,7.04,7.04,6.97,6.97,3238500,22679360.0
2025-09-19 13:45:00,600110,2025-09-19,13:45:00,15,6.98,6.99,6.94,6.96,3623000,25200864.0
2025-09-19 14:00:00,600110,2025-09-19,14:00:00,15,6.96,6.98,6.95,6.97,2717000,18925976.0
2025-09-19 14:15:00,600110,2025-09-19,14:15:00,15,6.96,7.0,6.95,6.99,1754000,12237316.0
2025-09-19 14:30:00,600110,2025-09-19,14:30:00,15,7.0,7.02,6.98,7.02,2250100,15752906.0
2025-09-19 14:45:00,600110,2025-09-19,14:45:00,15,7.01,7.02,6.99,6.99,2435100,17041014.0
2025-09-19 15:00:00,600110,2025-09-19,15:00:00,15,7.0,7.0,6.98,6.99,5321400,37194686.0
2025-09-22 09:45:00,600110,2025-09-22,09:45:00,15,6.99,7.03,6.82,6.82,17003900,117691664.0
2025-09-22 10:00:00,600110,2025-09-22,10:00:00,15,6.82,6.82,6.73,6.74,18238600,123775536.0
2025-09-22 10:15:00,600110,2025-09-22,10:15:00,15,6.73,6.83,6.73,6.81,6738300,45717120.0
2025-09-22 10:30:00,600110,2025-09-22,10:30:00,15,6.82,6.83,6.79,6.83,3782800,25755040.0
2025-09-22 10:45:00,600110,2025-09-22,10:45:00,15,6.83,6.84,6.8,6.81,2861000,19522048.0
2025-09-22 11:00:00,600110,2025-09-22,11:00:00,15,6.81,6.87,6.8,6.86,3245000,22161088.0
2025-09-22 11:15:00,600110,2025-09-22,11:15:00,15,6.86,6.86,6.79,6.81,2229900,15201664.0
2025-09-22 11:30:00,600110,2025-09-22,11:30:00,15,6.8,6.81,6.79,6.81,1812000,12321440.0
2025-09-22 13:15:00,600110,2025-09-22,13:15:00,15,6.8,6.81,6.77,6.79,2696700,18315584.0
2025-09-22 13:30:00,600110,2025-09-22,13:30:00,15,6.8,6.81,6.77,6.78,3915900,26591136.0
2025-09-22 13:45:00,600110,2025-09-22,13:45:00,15,6.79,6.79,6.75,6.75,4547700,30783488.0
2025-09-22 14:00:00,600110,2025-09-22,14:00:00,15,6.75,6.78,6.75,6.77,3446500,23319936.0
2025-09-22 14:15:00,600110,2025-09-22,14:15:00,15,6.76,6.78,6.75,6.78,3659400,24757184.0
2025-09-22 14:30:00,600110,2025-09-22,14:30:00,15,6.77,6.8,6.77,6.78,2542100,17255488.0
2025-09-22 14:45:00,600110,2025-09-22,14:45:00,15,6.78,6.82,6.78,6.81,4452900,30318053.0
2025-09-22 15:00:00,600110,2025-09-22,15:00:00,15,6.8,6.83,6.8,6.82,6820000,46482355.0
2025-09-23 09:45:00,600110,2025-09-23,09:45:00,15,6.89,6.97,6.84,6.89,18347200,126667792.0
2025-09-23 10:00:00,600110,2025-09-23,10:00:00,15,6.88,6.9,6.74,6.75,10839300,73874992.0
2025-09-23 10:15:00,600110,2025-09-23,10:15:00,15,6.75,6.76,6.68,6.7,8990900,60444576.0
2025-09-23 10:30:00,600110,2025-09-23,10:30:00,15,6.7,6.71,6.56,6.59,11382300,75446432.0
2025-09-23 10:45:00,600110,2025-09-23,10:45:00,15,6.58,6.65,6.55,6.64,6695900,44134272.0
2025-09-23 11:00:00,600110,2025-09-23,11:00:00,15,6.64,6.64,6.59,6.62,3211100,21240352.0
2025-09-23 11:15:00,600110,2025-09-23,11:15:00,15,6.62,6.64,6.6,6.6,2810400,18586944.0
2025-09-23 11:30:00,600110,2025-09-23,11:30:00,15,6.61,6.64,6.58,6.6,2854000,18847040.0
2025-09-23 13:15:00,600110,2025-09-23,13:15:00,15,6.6,6.6,6.55,6.59,4026600,26462464.0
2025-09-23 13:30:00,600110,2025-09-23,13:30:00,15,6.58,6.59,6.56,6.59,2563800,16858272.0
2025-09-23 13:45:00,600110,2025-09-23,13:45:00,15,6.58,6.59,6.51,6.51,5197600,34049728.0
2025-09-23 14:00:00,600110,2025-09-23,14:00:00,15,6.51,6.54,6.5,6.53,4483500,29219456.0
2025-09-23 14:15:00,600110,2025-09-23,14:15:00,15,6.54,6.54,6.5,6.51,4096900,26667520.0
2025-09-23 14:30:00,600110,2025-09-23,14:30:00,15,6.51,6.6,6.51,6.6,3818700,25005888.0
2025-09-23 14:45:00,600110,2025-09-23,14:45:00,15,6.6,6.62,6.59,6.62,3844100,25399231.0
2025-09-23 15:00:00,600110,2025-09-23,15:00:00,15,6.63,6.68,6.63,6.67,4825100,32148029.0
2025-09-24 09:45:00,600110,2025-09-24,09:45:00,15,6.62,6.77,6.56,6.7,15279100,102181552.0
2025-09-24 10:00:00,600110,2025-09-24,10:00:00,15,6.69,6.7,6.64,6.68,5391400,35974064.0
2025-09-24 10:15:00,600110,2025-09-24,10:15:00,15,6.69,6.69,6.66,6.68,3647900,24342224.0
2025-09-24 10:30:00,600110,2025-09-24,10:30:00,15,6.67,6.69,6.66,6.69,2295400,15326032.0
2025-09-24 10:45:00,600110,2025-09-24,10:45:00,15,6.69,6.72,6.68,6.69,2618000,17531504.0
2025-09-24 11:00:00,600110,2025-09-24,11:00:00,15,6.68,6.73,6.68,6.72,2791500,18721824.0
2025-09-24 11:15:00,600110,2025-09-24,11:15:00,15,6.71,6.72,6.7,6.71,1369700,9184624.0
2025-09-24 11:30:00,600110,2025-09-24,11:30:00,15,6.71,6.72,6.69,6.71,2294200,15392704.0
2025-09-24 13:15:00,600110,2025-09-24,13:15:00,15,6.72,6.79,6.71,6.78,10840800,73287456.0
2025-09-24 13:30:00,600110,2025-09-24,13:30:00,15,6.77,6.82,6.77,6.8,8116300,55197248.0
2025-09-24 13:45:00,600110,2025-09-24,13:45:00,15,6.79,6.82,6.79,6.82,3669300,24961280.0
2025-09-24 14:00:00,600110,2025-09-24,14:00:00,15,6.82,6.82,6.77,6.78,3947500,26870272.0
2025-09-24 14:15:00,600110,2025-09-24,14:15:00,15,6.79,6.79,6.77,6.78,2238300,15169824.0
2025-09-24 14:30:00,600110,2025-09-24,14:30:00,15,6.78,6.79,6.78,6.78,1930000,13091008.0
2025-09-24 14:45:00,600110,2025-09-24,14:45:00,15,6.78,6.8,6.78,6.8,3502000,23780896.0
2025-09-24 15:00:00,600110,2025-09-24,15:00:00,15,6.8,6.82,6.79,6.82,7862300,53540000.0
2025-09-25 09:45:00,600110,2025-09-25,09:45:00,15,6.82,6.85,6.74,6.83,10867200,73758856.0
2025-09-25 10:00:00,600110,2025-09-25,10:00:00,15,6.82,6.82,6.72,6.74,7335500,49577720.0
2025-09-25 10:15:00,600110,2025-09-25,10:15:00,15,6.74,6.75,6.72,6.74,4323800,29113136.0
2025-09-25 10:30:00,600110,2025-09-25,10:30:00,15,6.75,6.79,6.74,6.77,2828200,19118544.0
2025-09-25 10:45:00,600110,2025-09-25,10:45:00,15,6.76,6.79,6.76,6.76,1921800,13018464.0
2025-09-25 11:00:00,600110,2025-09-25,11:00:00,15,6.76,6.77,6.74,6.74,2439100,16477744.0
2025-09-25 11:15:00,600110,2025-09-25,11:15:00,15,6.74,6.78,6.74,6.76,1874600,12673792.0
2025-09-25 11:30:00,600110,2025-09-25,11:30:00,15,6.76,6.77,6.74,6.75,1615700,10917584.0
2025-09-25 13:15:00,600110,2025-09-25,13:15:00,15,6.75,6.75,6.66,6.67,9511600,63771264.0
2025-09-25 13:30:00,600110,2025-09-25,13:30:00,15,6.68,6.69,6.67,6.68,3828600,25576960.0
2025-09-25 13:45:00,600110,2025-09-25,13:45:00,15,6.68,6.71,6.67,6.7,2982700,19925632.0
2025-09-25 14:00:00,600110,2025-09-25,14:00:00,15,6.7,6.7,6.67,6.69,2281800,15241952.0
2025-09-25 14:15:00,600110,2025-09-25,14:15:00,15,6.68,6.7,6.68,6.7,2083200,13936160.0
2025-09-25 14:30:00,600110,2025-09-25,14:30:00,15,6.69,6.72,6.68,6.71,2477000,16582112.0
2025-09-25 14:45:00,600110,2025-09-25,14:45:00,15,6.71,6.72,6.68,6.68,2516000,16851168.0
2025-09-25 15:00:00,600110,2025-09-25,15:00:00,15,6.69,6.69,6.67,6.67,5410700,36136032.0
2025-09-26 09:45:00,600110,2025-09-26,09:45:00,15,6.63,6.7,6.59,6.66,8004700,53091348.0
2025-09-26 10:00:00,600110,2025-09-26,10:00:00,15,6.66,6.7,6.61,6.64,5623100,37394028.0
2025-09-26 10:15:00,600110,2025-09-26,10:15:00,15,6.64,6.64,6.6,6.62,3635100,24041272.0
2025-09-26 10:30:00,600110,2025-09-26,10:30:00,15,6.62,6.63,6.59,6.61,4546600,30035336.0
2025-09-26 10:45:00,600110,2025-09-26,10:45:00,15,6.62,6.62,6.56,6.57,5269400,34715376.0
2025-09-26 11:00:00,600110,2025-09-26,11:00:00,15,6.56,6.59,6.56,6.58,2084700,13716784.0
2025-09-26 11:15:00,600110,2025-09-26,11:15:00,15,6.58,6.6,6.57,6.58,1475300,9717728.0
2025-09-26 11:30:00,600110,2025-09-26,11:30:00,15,6.57,6.58,6.56,6.56,1949700,12803616.0
2025-09-26 13:15:00,600110,2025-09-26,13:15:00,15,6.57,6.57,6.53,6.55,4266200,27925472.0
2025-09-26 13:30:00,600110,2025-09-26,13:30:00,15,6.55,6.56,6.53,6.55,1922500,12581872.0
2025-09-26 13:45:00,600110,2025-09-26,13:45:00,15,6.56,6.56,6.52,6.53,3882500,25355520.0
2025-09-26 14:00:00,600110,2025-09-26,14:00:00,15,6.53,6.55,6.52,6.52,2733700,17859936.0
2025-09-26 14:15:00,600110,2025-09-26,14:15:00,15,6.52,6.53,6.51,6.51,2456200,16014656.0
2025-09-26 14:30:00,600110,2025-09-26,14:30:00,15,6.52,6.52,6.5,6.51,3714100,24184128.0
2025-09-26 14:45:00,600110,2025-09-26,14:45:00,15,6.51,6.52,6.5,6.51,4751300,30917760.0
2025-09-26 15:00:00,600110,2025-09-26,15:00:00,15,6.51,6.52,6.48,6.48,7524600,48870528.0
2025-09-29 09:45:00,600110,2025-09-29,09:45:00,15,6.47,6.82,6.46,6.67,30759400,206497216.0
2025-09-29 10:00:00,600110,2025-09-29,10:00:00,15,6.67,6.69,6.63,6.68,6430700,42872736.0
2025-09-29 10:15:00,600110,2025-09-29,10:15:00,15,6.67,6.69,6.66,6.69,3327900,22221408.0
2025-09-29 10:30:00,600110,2025-09-29,10:30:00,15,6.69,6.69,6.66,6.69,3334500,22269568.0
2025-09-29 10:45:00,600110,2025-09-29,10:45:00,15,6.69,6.7,6.68,6.7,2633700,17628960.0
2025-09-29 11:00:00,600110,2025-09-29,11:00:00,15,6.7,6.74,6.69,6.7,4171900,27998848.0
2025-09-29 11:15:00,600110,2025-09-29,11:15:00,15,6.71,6.71,6.67,6.67,2105600,14088832.0
2025-09-29 11:30:00,600110,2025-09-29,11:30:00,15,6.68,6.69,6.67,6.69,1585100,10586400.0
2025-09-29 13:15:00,600110,2025-09-29,13:15:00,15,6.69,6.72,6.68,6.69,2756600,18464960.0
2025-09-29 13:30:00,600110,2025-09-29,13:30:00,15,6.69,6.69,6.66,6.67,2207500,14722688.0
2025-09-29 13:45:00,600110,2025-09-29,13:45:00,15,6.67,6.68,6.66,6.67,1548100,10325344.0
2025-09-29 14:00:00,600110,2025-09-29,14:00:00,15,6.66,6.72,6.66,6.7,4150300,27799040.0
2025-09-29 14:15:00,600110,2025-09-29,14:15:00,15,6.7,6.71,6.68,6.69,1749000,11709664.0
2025-09-29 14:30:00,600110,2025-09-29,14:30:00,15,6.68,6.69,6.68,6.69,1518000,10149408.0
2025-09-29 14:45:00,600110,2025-09-29,14:45:00,15,6.69,6.69,6.68,6.68,2217000,14824576.0
2025-09-29 15:00:00,600110,2025-09-29,15:00:00,15,6.69,6.69,6.68,6.68,5974600,39948896.0
2025-09-30 09:45:00,600110,2025-09-30,09:45:00,15,6.69,6.81,6.68,6.8,15468600,104466912.0
2025-09-30 10:00:00,600110,2025-09-30,10:00:00,15,6.8,6.82,6.76,6.81,8604200,58497888.0
2025-09-30 10:15:00,600110,2025-09-30,10:15:00,15,6.81,6.82,6.77,6.81,6689900,45448912.0
2025-09-30 10:30:00,600110,2025-09-30,10:30:00,15,6.81,6.81,6.73,6.75,5336200,36110832.0
2025-09-30 10:45:00,600110,2025-09-30,10:45:00,15,6.74,6.76,6.72,6.74,2783900,18768656.0
2025-09-30 11:00:00,600110,2025-09-30,11:00:00,15,6.74,6.76,6.72,6.74,2392900,16109456.0
2025-09-30 11:15:00,600110,2025-09-30,11:15:00,15,6.74,6.75,6.73,6.74,1034000,6968256.0
2025-09-30 11:30:00,600110,2025-09-30,11:30:00,15,6.75,6.75,6.73,6.74,1182100,7967360.0
2025-09-30 13:15:00,600110,2025-09-30,13:15:00,15,6.73,6.74,6.72,6.73,2332800,15701184.0
2025-09-30 13:30:00,600110,2025-09-30,13:30:00,15,6.73,6.75,6.72,6.73,1887300,12712480.0
2025-09-30 13:45:00,600110,2025-09-30,13:45:00,15,6.73,6.74,6.71,6.71,2729400,18338464.0
2025-09-30 14:00:00,600110,2025-09-30,14:00:00,15,6.71,6.73,6.68,6.7,4665600,31281408.0
2025-09-30 14:15:00,600110,2025-09-30,14:15:00,15,6.69,6.75,6.69,6.72,2710500,18201888.0
2025-09-30 14:30:00,600110,2025-09-30,14:30:00,15,6.72,6.73,6.71,6.72,1171700,7875904.0
2025-09-30 14:45:00,600110,2025-09-30,14:45:00,15,6.72,6.73,6.71,6.71,2603900,17494688.0
2025-09-30 15:00:00,600110,2025-09-30,15:00:00,15,6.71,6.73,6.71,6.72,4248300,28541120.0
2025-10-09 09:45:00,600110,2025-10-09,09:45:00,15,6.73,6.88,6.73,6.84,17390400,118637912.0
2025-10-09 10:00:00,600110,2025-10-09,10:00:00,15,6.84,6.94,6.82,6.87,15707800,108154952.0
2025-10-09 10:15:00,600110,2025-10-09,10:15:00,15,6.87,6.92,6.86,6.92,4827000,33277952.0
2025-10-09 10:30:00,600110,2025-10-09,10:30:00,15,6.91,6.93,6.9,6.92,7224600,49963840.0
2025-10-09 10:45:00,600110,2025-10-09,10:45:00,15,6.91,6.93,6.9,6.92,5555100,38422944.0
2025-10-09 11:00:00,600110,2025-10-09,11:00:00,15,6.93,6.93,6.91,6.91,2747100,19012800.0
2025-10-09 11:15:00,600110,2025-10-09,11:15:00,15,6.91,6.92,6.91,6.92,1554600,10749344.0
2025-10-09 11:30:00,600110,2025-10-09,11:30:00,15,6.91,6.92,6.9,6.91,1938800,13402112.0
2025-10-09 13:15:00,600110,2025-10-09,13:15:00,15,6.91,6.92,6.88,6.89,3880900,26766816.0
2025-10-09 13:30:00,600110,2025-10-09,13:30:00,15,6.89,6.89,6.86,6.87,4073700,27999488.0
2025-10-09 13:45:00,600110,2025-10-09,13:45:00,15,6.87,6.88,6.87,6.88,1634100,11235360.0
2025-10-09 14:00:00,600110,2025-10-09,14:00:00,15,6.87,6.89,6.87,6.89,2078800,14302912.0
2025-10-09 14:15:00,600110,2025-10-09,14:15:00,15,6.89,6.9,6.88,6.89,2130300,14679328.0
2025-10-09 14:30:00,600110,2025-10-09,14:30:00,15,6.89,6.9,6.88,6.88,2338400,16100128.0
2025-10-09 14:45:00,600110,2025-10-09,14:45:00,15,6.88,6.89,6.88,6.89,3287600,22632416.0
2025-10-09 15:00:00,600110,2025-10-09,15:00:00,15,6.88,6.9,6.88,6.9,7424200,51171520.0
2025-10-10 09:45:00,600110,2025-10-10,09:45:00,15,6.9,6.9,6.72,6.72,19363500,131151152.0
2025-10-10 10:00:00,600110,2025-10-10,10:00:00,15,6.72,6.72,6.7,6.71,11404000,76503264.0
2025-10-10 10:15:00,600110,2025-10-10,10:15:00,15,6.7,6.71,6.68,6.69,8140800,54450592.0
2025-10-10 10:30:00,600110,2025-10-10,10:30:00,15,6.69,6.7,6.66,6.7,5301200,35406448.0
2025-10-10 10:45:00,600110,2025-10-10,10:45:00,15,6.7,6.74,6.69,6.69,3465000,23239904.0
2025-10-10 11:00:00,600110,2025-10-10,11:00:00,15,6.7,6.71,6.69,6.7,1280700,8580576.0
2025-10-10 11:15:00,600110,2025-10-10,11:15:00,15,6.7,6.7,6.69,6.7,1748900,11704160.0
2025-10-10 11:30:00,600110,2025-10-10,11:30:00,15,6.69,6.7,6.68,6.7,1392300,9312448.0
2025-10-10 13:15:00,600110,2025-10-10,13:15:00,15,6.69,6.7,6.68,6.69,1598200,10686144.0
2025-10-10 13:30:00,600110,2025-10-10,13:30:00,15,6.69,6.69,6.67,6.67,2514300,16788256.0
2025-10-10 13:45:00,600110,2025-10-10,13:45:00,15,6.68,6.69,6.67,6.68,1738600,11612192.0
2025-10-10 14:00:00,600110,2025-10-10,14:00:00,15,6.68,6.68,6.67,6.68,2009000,13410784.0
2025-10-10 14:15:00,600110,2025-10-10,14:15:00,15,6.68,6.69,6.67,6.67,1907200,12740896.0
2025-10-10 14:30:00,600110,2025-10-10,14:30:00,15,6.67,6.68,6.67,6.68,2415400,16118560.0
2025-10-10 14:45:00,600110,2025-10-10,14:45:00,15,6.68,6.68,6.66,6.66,3689900,24613984.0
2025-10-10 15:00:00,600110,2025-10-10,15:00:00,15,6.66,6.68,6.66,6.68,5238400,34933472.0
2025-10-13 09:45:00,600110,2025-10-13,09:45:00,15,6.26,6.5,6.22,6.48,14799200,94182784.0
2025-10-13 10:00:00,600110,2025-10-13,10:00:00,15,6.49,6.49,6.44,6.46,5703900,36878360.0
2025-10-13 10:15:00,600110,2025-10-13,10:15:00,15,6.47,6.5,6.46,6.5,3459800,22414456.0
2025-10-13 10:30:00,600110,2025-10-13,10:30:00,15,6.49,6.55,6.49,6.53,2651000,17296288.0
2025-10-13 10:45:00,600110,2025-10-13,10:45:00,15,6.52,6.56,6.52,6.54,1805700,11802176.0
2025-10-13 11:00:00,600110,2025-10-13,11:00:00,15,6.53,6.55,6.53,6.53,984900,6438720.0
2025-10-13 11:15:00,600110,2025-10-13,11:15:00,15,6.53,6.53,6.49,6.5,2398900,15605856.0
2025-10-13 11:30:00,600110,2025-10-13,11:30:00,15,6.5,6.52,6.48,6.48,1449100,9408464.0
2025-10-13 13:15:00,600110,2025-10-13,13:15:00,15,6.48,6.49,6.46,6.48,2039800,13204432.0
2025-10-13 13:30:00,600110,2025-10-13,13:30:00,15,6.48,6.51,6.47,6.51,1256400,8144384.0
2025-10-13 13:45:00,600110,2025-10-13,13:45:00,15,6.51,6.53,6.49,6.52,1395800,9080432.0
2025-10-13 14:00:00,600110,2025-10-13,14:00:00,15,6.52,6.63,6.51,6.61,3884200,25572768.0
2025-10-13 14:15:00,600110,2025-10-13,14:15:00,15,6.61,6.62,6.59,6.59,1839400,12149600.0
2025-10-13 14:30:00,600110,2025-10-13,14:30:00,15,6.59,6.75,6.58,6.72,5154600,34363840.0
2025-10-13 14:45:00,600110,2025-10-13,14:45:00,15,6.71,6.76,6.71,6.71,5224800,35213792.0
2025-10-13 15:00:00,600110,2025-10-13,15:00:00,15,6.72,6.72,6.69,6.7,4049400,27124896.0
2025-10-14 09:45:00,600110,2025-10-14,09:45:00,15,6.71,6.75,6.68,6.71,8297100,55683360.0
2025-10-14 10:00:00,600110,2025-10-14,10:00:00,15,6.7,6.75,6.7,6.72,4693400,31569128.0
2025-10-14 10:15:00,600110,2025-10-14,10:15:00,15,6.72,6.73,6.68,6.68,3044600,20389840.0
2025-10-14 10:30:00,600110,2025-10-14,10:30:00,15,6.69,6.69,6.65,6.65,3766300,25132072.0
2025-10-14 10:45:00,600110,2025-10-14,10:45:00,15,6.65,6.66,6.63,6.65,2398600,15944336.0
2025-10-14 11:00:00,600110,2025-10-14,11:00:00,15,6.66,6.66,6.61,6.61,2185000,14482112.0
2025-10-14 11:15:00,600110,2025-10-14,11:15:00,15,6.61,6.63,6.57,6.6,3797300,25056416.0
2025-10-14 11:30:00,600110,2025-10-14,11:30:00,15,6.6,6.6,6.57,6.6,1703600,11212608.0
2025-10-14 13:15:00,600110,2025-10-14,13:15:00,15,6.59,6.6,6.55,6.56,2286600,15015840.0
2025-10-14 13:30:00,600110,2025-10-14,13:30:00,15,6.55,6.61,6.55,6.6,1620700,10663680.0
2025-10-14 13:45:00,600110,2025-10-14,13:45:00,15,6.6,6.61,6.57,6.57,1405700,9258944.0
2025-10-14 14:00:00,600110,2025-10-14,14:00:00,15,6.57,6.58,6.55,6.56,2192100,14395696.0
2025-10-14 14:15:00,600110,2025-10-14,14:15:00,15,6.56,6.56,6.53,6.54,2368100,15502784.0
2025-10-14 14:30:00,600110,2025-10-14,14:30:00,15,6.53,6.54,6.51,6.51,2492500,16247424.0
2025-10-14 14:45:00,600110,2025-10-14,14:45:00,15,6.52,6.54,6.5,6.51,2929500,19095776.0
2025-10-14 15:00:00,600110,2025-10-14,15:00:00,15,6.51,6.53,6.5,6.52,3238900,21087936.0
2025-10-15 09:45:00,600110,2025-10-15,09:45:00,15,6.51,6.52,6.38,6.48,8711600,56161556.0
2025-10-15 10:00:00,600110,2025-10-15,10:00:00,15,6.49,6.49,6.42,6.44,3789900,24429148.0
2025-10-15 10:15:00,600110,2025-10-15,10:15:00,15,6.45,6.51,6.43,6.5,3221700,20847992.0
2025-10-15 10:30:00,600110,2025-10-15,10:30:00,15,6.49,6.51,6.47,6.48,2223100,14427480.0
2025-10-15 10:45:00,600110,2025-10-15,10:45:00,15,6.48,6.48,6.42,6.42,1626600,10481512.0
2025-10-15 11:00:00,600110,2025-10-15,11:00:00,15,6.43,6.44,6.41,6.42,1768000,11355832.0
2025-10-15 11:15:00,600110,2025-10-15,11:15:00,15,6.42,6.44,6.41,6.41,1194400,7669296.0
2025-10-15 11:30:00,600110,2025-10-15,11:30:00,15,6.42,6.45,6.41,6.44,925900,5952672.0
2025-10-15 13:15:00,600110,2025-10-15,13:15:00,15,6.45,6.47,6.43,6.43,1155200,7446800.0
2025-10-15 13:30:00,600110,2025-10-15,13:30:00,15,6.45,6.47,6.44,6.47,1412100,9110112.0
2025-10-15 13:45:00,600110,2025-10-15,13:45:00,15,6.46,6.47,6.45,6.46,1085300,7011520.0
2025-10-15 14:00:00,600110,2025-10-15,14:00:00,15,6.45,6.46,6.44,6.45,1297500,8365920.0
2025-10-15 14:15:00,600110,2025-10-15,14:15:00,15,6.45,6.48,6.44,6.47,1997500,12905872.0
2025-10-15 14:30:00,600110,2025-10-15,14:30:00,15,6.47,6.49,6.46,6.48,1726100,11182240.0
2025-10-15 14:45:00,600110,2025-10-15,14:45:00,15,6.49,6.5,6.49,6.49,1722800,11188976.0
2025-10-15 15:00:00,600110,2025-10-15,15:00:00,15,6.49,6.52,6.49,6.52,4775600,31069968.0
2025-10-16 09:45:00,600110,2025-10-16,09:45:00,15,6.51,6.58,6.44,6.52,6246000,40807312.0
2025-10-16 10:00:00,600110,2025-10-16,10:00:00,15,6.53,6.53,6.47,6.49,3255500,21138632.0
2025-10-16 10:15:00,600110,2025-10-16,10:15:00,15,6.48,6.51,6.48,6.49,1367500,8877616.0
2025-10-16 10:30:00,600110,2025-10-16,10:30:00,15,6.49,6.5,6.46,6.47,1671400,10825888.0
2025-10-16 10:45:00,600110,2025-10-16,10:45:00,15,6.47,6.47,6.45,6.47,1736400,11216888.0
2025-10-16 11:00:00,600110,2025-10-16,11:00:00,15,6.47,6.47,6.45,6.46,953800,6162384.0
2025-10-16 11:15:00,600110,2025-10-16,11:15:00,15,6.46,6.49,6.46,6.47,1088900,7048040.0
2025-10-16 11:30:00,600110,2025-10-16,11:30:00,15,6.48,6.48,6.44,6.44,2015900,13010040.0
2025-10-16 13:15:00,600110,2025-10-16,13:15:00,15,6.45,6.53,6.44,6.45,2883300,18695408.0
2025-10-16 13:30:00,600110,2025-10-16,13:30:00,15,6.45,6.46,6.44,6.45,1615500,10414048.0
2025-10-16 13:45:00,600110,2025-10-16,13:45:00,15,6.45,6.45,6.43,6.44,1368400,8810016.0
2025-10-16 14:00:00,600110,2025-10-16,14:00:00,15,6.44,6.44,6.42,6.42,1730900,11127440.0
2025-10-16 14:15:00,600110,2025-10-16,14:15:00,15,6.43,6.43,6.42,6.42,1557500,10003584.0
2025-10-16 14:30:00,600110,2025-10-16,14:30:00,15,6.42,6.43,6.42,6.42,1432500,9200416.0
2025-10-16 14:45:00,600110,2025-10-16,14:45:00,15,6.42,6.43,6.4,6.4,2650500,16997968.0
2025-10-16 15:00:00,600110,2025-10-16,15:00:00,15,6.4,6.42,6.4,6.41,3732000,23914048.0
2025-10-17 09:45:00,600110,2025-10-17,09:45:00,15,6.4,6.51,6.35,6.36,6625500,42620548.0
2025-10-17 10:00:00,600110,2025-10-17,10:00:00,15,6.35,6.35,6.3,6.31,5870500,37119300.0
2025-10-17 10:15:00,600110,2025-10-17,10:15:00,15,6.31,6.31,6.29,6.3,4065500,25610680.0
2025-10-17 10:30:00,600110,2025-10-17,10:30:00,15,6.3,6.34,6.3,6.33,1872900,11819688.0
2025-10-17 10:45:00,600110,2025-10-17,10:45:00,15,6.33,6.35,6.32,6.34,1312200,8319008.0
2025-10-17 11:00:00,600110,2025-10-17,11:00:00,15,6.33,6.34,6.31,6.32,508500,3214848.0
2025-10-17 11:15:00,600110,2025-10-17,11:15:00,15,6.32,6.32,6.3,6.31,1288800,8130104.0
2025-10-17 11:30:00,600110,2025-10-17,11:30:00,15,6.31,6.32,6.29,6.3,2176200,13721536.0
2025-10-17 13:15:00,600110,2025-10-17,13:15:00,15,6.31,6.31,6.26,6.27,3555600,22321536.0
2025-10-17 13:30:00,600110,2025-10-17,13:30:00,15,6.27,6.29,6.26,6.28,1694800,10628816.0
2025-10-17 13:45:00,600110,2025-10-17,13:45:00,15,6.28,6.29,6.26,6.26,1675800,10509072.0
2025-10-17 14:00:00,600110,2025-10-17,14:00:00,15,6.27,6.28,6.26,6.27,1337000,8377600.0
2025-10-17 14:15:00,600110,2025-10-17,14:15:00,15,6.26,6.27,6.23,6.23,3212200,20075248.0
2025-10-17 14:30:00,600110,2025-10-17,14:30:00,15,6.24,6.24,6.21,6.22,3138500,19525600.0
2025-10-17 14:45:00,600110,2025-10-17,14:45:00,15,6.22,6.22,6.15,6.18,5968700,36881616.0
2025-10-17 15:00:00,600110,2025-10-17,15:00:00,15,6.17,6.18,6.14,6.17,6223300,38311360.0
2025-10-20 09:45:00,600110,2025-10-20,09:45:00,15,6.19,6.29,6.19,6.29,9818700,61447184.0
2025-10-20 10:00:00,600110,2025-10-20,10:00:00,15,6.3,6.34,6.3,6.32,6421100,40560368.0
2025-10-20 10:15:00,600110,2025-10-20,10:15:00,15,6.32,6.35,6.31,6.33,4976900,31518784.0
2025-10-20 10:30:00,600110,2025-10-20,10:30:00,15,6.34,6.34,6.3,6.31,1881600,11882016.0
2025-10-20 10:45:00,600110,2025-10-20,10:45:00,15,6.31,6.34,6.31,6.33,2200700,13922160.0
2025-10-20 11:00:00,600110,2025-10-20,11:00:00,15,6.34,6.35,6.32,6.33,2730100,17312304.0
2025-10-20 11:15:00,600110,2025-10-20,11:15:00,15,6.32,6.34,6.31,6.34,1798400,11367776.0
2025-10-20 11:30:00,600110,2025-10-20,11:30:00,15,6.34,6.36,6.33,6.34,3129300,19856880.0
2025-10-20 13:15:00,600110,2025-10-20,13:15:00,15,6.34,6.35,6.3,6.3,1431000,9042144.0
2025-10-20 13:30:00,600110,2025-10-20,13:30:00,15,6.3,6.3,6.28,6.28,1277100,8029856.0
2025-10-20 13:45:00,600110,2025-10-20,13:45:00,15,6.29,6.29,6.28,6.28,644800,4051056.0
2025-10-20 14:00:00,600110,2025-10-20,14:00:00,15,6.28,6.29,6.27,6.29,1985800,12468016.0
2025-10-20 14:15:00,600110,2025-10-20,14:15:00,15,6.28,6.29,6.27,6.27,1170900,7352320.0
2025-10-20 14:30:00,600110,2025-10-20,14:30:00,15,6.27,6.3,6.27,6.3,2211800,13895408.0
2025-10-20 14:45:00,600110,2025-10-20,14:45:00,15,6.3,6.3,6.28,6.29,2312100,14543776.0
2025-10-20 15:00:00,600110,2025-10-20,15:00:00,15,6.29,6.32,6.29,6.31,3583800,22597312.0
2025-10-21 09:45:00,600110,2025-10-21,09:45:00,15,6.33,6.35,6.24,6.3,4774700,29967282.0
2025-10-21 10:00:00,600110,2025-10-21,10:00:00,15,6.29,6.32,6.29,6.29,1978300,12464426.0
2025-10-21 10:15:00,600110,2025-10-21,10:15:00,15,6.3,6.3,6.27,6.3,2264600,14235896.0
2025-10-21 10:30:00,600110,2025-10-21,10:30:00,15,6.29,6.34,6.29,6.32,2817900,17790508.0
2025-10-21 10:45:00,600110,2025-10-21,10:45:00,15,6.33,6.36,6.32,6.35,3585800,22738504.0
2025-10-21 11:00:00,600110,2025-10-21,11:00:00,15,6.35,6.35,6.33,6.34,1079700,6845408.0
2025-10-21 11:15:00,600110,2025-10-21,11:15:00,15,6.34,6.34,6.31,6.33,1708400,10806776.0
2025-10-21 11:30:00,600110,2025-10-21,11:30:00,15,6.33,6.34,6.32,6.34,1485700,9410144.0
2025-10-21 13:15:00,600110,2025-10-21,13:15:00,15,6.34,6.34,6.31,6.32,1358700,8595832.0
2025-10-21 13:30:00,600110,2025-10-21,13:30:00,15,6.32,6.43,6.32,6.38,7850900,50045208.0
2025-10-21 13:45:00,600110,2025-10-21,13:45:00,15,6.38,6.4,6.37,6.37,2560600,16354512.0
2025-10-21 14:00:00,600110,2025-10-21,14:00:00,15,6.38,6.38,6.36,6.37,1127100,7182704.0
2025-10-21 14:15:00,600110,2025-10-21,14:15:00,15,6.37,6.38,6.36,6.37,1284600,8182848.0
2025-10-21 14:30:00,600110,2025-10-21,14:30:00,15,6.38,6.38,6.36,6.37,1364100,8691584.0
2025-10-21 14:45:00,600110,2025-10-21,14:45:00,15,6.37,6.38,6.37,6.37,1827100,11647296.0
2025-10-21 15:00:00,600110,2025-10-21,15:00:00,15,6.37,6.38,6.36,6.37,3179600,20260704.0
2025-10-22 09:45:00,600110,2025-10-22,09:45:00,15,6.35,6.35,6.3,6.34,4926700,31168462.0
2025-10-22 10:00:00,600110,2025-10-22,10:00:00,15,6.33,6.41,6.31,6.41,4170100,26591442.0
2025-10-22 10:15:00,600110,2025-10-22,10:15:00,15,6.4,6.43,6.38,6.43,3299200,21146304.0
2025-10-22 10:30:00,600110,2025-10-22,10:30:00,15,6.43,6.44,6.42,6.42,2868100,18449448.0
2025-10-22 10:45:00,600110,2025-10-22,10:45:00,15,6.42,6.43,6.38,6.4,1587000,10159816.0
2025-10-22 11:00:00,600110,2025-10-22,11:00:00,15,6.4,6.4,6.37,6.37,942500,6011344.0
2025-10-22 11:15:00,600110,2025-10-22,11:15:00,15,6.37,6.38,6.36,6.37,828700,5275624.0
2025-10-22 11:30:00,600110,2025-10-22,11:30:00,15,6.37,6.38,6.35,6.36,1049500,6681232.0
2025-10-22 13:15:00,600110,2025-10-22,13:15:00,15,6.36,6.38,6.35,6.36,844200,5373832.0
2025-10-22 13:30:00,600110,2025-10-22,13:30:00,15,6.37,6.4,6.36,6.4,938900,5992768.0
2025-10-22 13:45:00,600110,2025-10-22,13:45:00,15,6.4,6.41,6.38,6.38,1116700,7143904.0
2025-10-22 14:00:00,600110,2025-10-22,14:00:00,15,6.38,6.39,6.38,6.39,636300,4062896.0
2025-10-22 14:15:00,600110,2025-10-22,14:15:00,15,6.38,6.39,6.37,6.39,1134000,7235312.0
2025-10-22 14:30:00,600110,2025-10-22,14:30:00,15,6.38,6.39,6.37,6.38,664800,4240272.0
2025-10-22 14:45:00,600110,2025-10-22,14:45:00,15,6.39,6.4,6.38,6.38,1816800,11600848.0
2025-10-22 15:00:00,600110,2025-10-22,15:00:00,15,6.38,6.4,6.38,6.4,3114300,19910752.0
2025-10-23 09:45:00,600110,2025-10-23,09:45:00,15,6.43,6.45,6.34,6.36,5852300,37376836.0
2025-10-23 10:00:00,600110,2025-10-23,10:00:00,15,6.35,6.36,6.28,6.29,6021900,38016812.0
2025-10-23 10:15:00,600110,2025-10-23,10:15:00,15,6.3,6.33,6.29,6.31,2081200,13117984.0
2025-10-23 10:30:00,600110,2025-10-23,10:30:00,15,6.31,6.35,6.3,6.33,1552400,9809224.0
2025-10-23 10:45:00,600110,2025-10-23,10:45:00,15,6.33,6.42,6.31,6.37,2517300,16073000.0
2025-10-23 11:00:00,600110,2025-10-23,11:00:00,15,6.36,6.37,6.32,6.32,989000,6266776.0
2025-10-23 11:15:00,600110,2025-10-23,11:15:00,15,6.33,6.33,6.3,6.3,1123300,7090256.0
2025-10-23 11:30:00,600110,2025-10-23,11:30:00,15,6.31,6.36,6.3,6.35,984100,6235064.0
2025-10-23 13:15:00,600110,2025-10-23,13:15:00,15,6.34,6.41,6.34,6.37,1933500,12341584.0
2025-10-23 13:30:00,600110,2025-10-23,13:30:00,15,6.36,6.4,6.35,6.38,1343600,8565552.0
2025-10-23 13:45:00,600110,2025-10-23,13:45:00,15,6.38,6.38,6.34,6.34,1100200,6997616.0
2025-10-23 14:00:00,600110,2025-10-23,14:00:00,15,6.34,6.36,6.34,6.35,695700,4418096.0
2025-10-23 14:15:00,600110,2025-10-23,14:15:00,15,6.36,6.42,6.35,6.4,3456900,22123232.0
2025-10-23 14:30:00,600110,2025-10-23,14:30:00,15,6.41,6.43,6.4,6.42,2079700,13343552.0
2025-10-23 14:45:00,600110,2025-10-23,14:45:00,15,6.42,6.45,6.41,6.44,4388600,28241712.0
2025-10-23 15:00:00,600110,2025-10-23,15:00:00,15,6.44,6.47,6.43,6.46,6782800,43752816.0
2025-10-24 09:45:00,600110,2025-10-24,09:45:00,15,6.49,6.49,6.43,6.48,5020500,32483376.0
2025-10-24 10:00:00,600110,2025-10-24,10:00:00,15,6.48,6.49,6.45,6.46,3810800,24638380.0
2025-10-24 10:15:00,600110,2025-10-24,10:15:00,15,6.46,6.47,6.44,6.45,2363200,15249452.0
2025-10-24 10:30:00,600110,2025-10-24,10:30:00,15,6.45,6.46,6.43,6.43,2112200,13613352.0
2025-10-24 10:45:00,600110,2025-10-24,10:45:00,15,6.43,6.44,6.39,6.39,3465200,22221480.0
2025-10-24 11:00:00,600110,2025-10-24,11:00:00,15,6.39,6.41,6.39,6.41,1074900,6878656.0
2025-10-24 11:15:00,600110,2025-10-24,11:15:00,15,6.41,6.5,6.39,6.48,6957400,44936800.0
2025-10-24 11:30:00,600110,2025-10-24,11:30:00,15,6.5,6.58,6.46,6.56,14120100,92331280.0
2025-10-24 13:15:00,600110,2025-10-24,13:15:00,15,6.57,6.57,6.5,6.51,4221500,27567488.0
2025-10-24 13:30:00,600110,2025-10-24,13:30:00,15,6.51,6.52,6.5,6.5,2593200,16875552.0
2025-10-24 13:45:00,600110,2025-10-24,13:45:00,15,6.5,6.56,6.5,6.52,3314400,21628768.0
2025-10-24 14:00:00,600110,2025-10-24,14:00:00,15,6.52,6.7,6.52,6.62,13732400,90911744.0
2025-10-24 14:15:00,600110,2025-10-24,14:15:00,15,6.63,6.65,6.6,6.62,4089100,27088640.0
2025-10-24 14:30:00,600110,2025-10-24,14:30:00,15,6.63,6.63,6.61,6.62,2981100,19733280.0
2025-10-24 14:45:00,600110,2025-10-24,14:45:00,15,6.62,6.63,6.61,6.62,3971000,26294528.0
2025-10-24 15:00:00,600110,2025-10-24,15:00:00,15,6.63,6.63,6.61,6.63,7935000,52540448.0
2025-10-27 09:45:00,600110,2025-10-27,09:45:00,15,6.68,6.68,6.5,6.67,19255200,126816128.0
2025-10-27 10:00:00,600110,2025-10-27,10:00:00,15,6.66,6.69,6.62,6.63,8732500,58071696.0
2025-10-27 10:15:00,600110,2025-10-27,10:15:00,15,6.62,6.63,6.57,6.57,5091200,33576528.0
2025-10-27 10:30:00,600110,2025-10-27,10:30:00,15,6.57,6.58,6.52,6.55,4845600,31728064.0
2025-10-27 10:45:00,600110,2025-10-27,10:45:00,15,6.54,6.55,6.52,6.54,3520800,23005536.0
2025-10-27 11:00:00,600110,2025-10-27,11:00:00,15,6.53,6.55,6.52,6.55,1792100,11707264.0
2025-10-27 11:15:00,600110,2025-10-27,11:15:00,15,6.55,6.57,6.53,6.55,1571000,10292992.0
2025-10-27 11:30:00,600110,2025-10-27,11:30:00,15,6.55,6.58,6.54,6.58,1113000,7307232.0
2025-10-27 13:15:00,600110,2025-10-27,13:15:00,15,6.58,6.58,6.55,6.57,1893300,12432576.0
2025-10-27 13:30:00,600110,2025-10-27,13:30:00,15,6.56,6.57,6.55,6.57,1701300,11159392.0
2025-10-27 13:45:00,600110,2025-10-27,13:45:00,15,6.57,6.57,6.56,6.57,1350800,8868480.0
2025-10-27 14:00:00,600110,2025-10-27,14:00:00,15,6.56,6.57,6.53,6.54,3092200,20258880.0
2025-10-27 14:15:00,600110,2025-10-27,14:15:00,15,6.54,6.55,6.53,6.55,1380400,9035552.0
2025-10-27 14:30:00,600110,2025-10-27,14:30:00,15,6.55,6.61,6.54,6.61,4370700,28755008.0
2025-10-27 14:45:00,600110,2025-10-27,14:45:00,15,6.61,6.61,6.57,6.58,1837500,12096896.0
2025-10-27 15:00:00,600110,2025-10-27,15:00:00,15,6.58,6.59,6.57,6.59,4397300,28920928.0
2025-10-28 09:45:00,600110,2025-10-28,09:45:00,15,6.55,6.59,6.5,6.53,6386800,41801168.0
2025-10-28 10:00:00,600110,2025-10-28,10:00:00,15,6.52,6.57,6.51,6.56,5409000,35366456.0
2025-10-28 10:15:00,600110,2025-10-28,10:15:00,15,6.57,6.59,6.54,6.57,2460200,16145112.0
2025-10-28 10:30:00,600110,2025-10-28,10:30:00,15,6.57,6.7,6.55,6.62,12404200,82387584.0
2025-10-28 10:45:00,600110,2025-10-28,10:45:00,15,6.62,6.77,6.6,6.77,17748100,119043712.0
2025-10-28 11:00:00,600110,2025-10-28,11:00:00,15,6.78,6.78,6.71,6.72,7197400,48574784.0
2025-10-28 11:15:00,600110,2025-10-28,11:15:00,15,6.73,6.74,6.72,6.72,2733500,18406112.0
2025-10-28 11:30:00,600110,2025-10-28,11:30:00,15,6.72,6.77,6.72,6.74,4740800,31973024.0
2025-10-28 13:15:00,600110,2025-10-28,13:15:00,15,6.74,6.76,6.7,6.7,4024900,27081536.0
2025-10-28 13:30:00,600110,2025-10-28,13:30:00,15,6.7,6.7,6.67,6.69,3457800,23100192.0
2025-10-28 13:45:00,600110,2025-10-28,13:45:00,15,6.68,6.69,6.63,6.66,4093200,27243712.0
2025-10-28 14:00:00,600110,2025-10-28,14:00:00,15,6.65,6.69,6.65,6.68,1535100,10239456.0
2025-10-28 14:15:00,600110,2025-10-28,14:15:00,15,6.68,6.68,6.66,6.66,1536600,10248608.0
2025-10-28 14:30:00,600110,2025-10-28,14:30:00,15,6.67,6.68,6.66,6.68,1415200,9445312.0
2025-10-28 14:45:00,600110,2025-10-28,14:45:00,15,6.67,6.68,6.67,6.68,2125500,14191104.0
2025-10-28 15:00:00,600110,2025-10-28,15:00:00,15,6.68,6.68,6.67,6.68,4643400,30996930.0
2025-10-29 09:45:00,600110,2025-10-29,09:45:00,15,6.64,6.87,6.63,6.73,15999000,108347272.0
2025-10-29 10:00:00,600110,2025-10-29,10:00:00,15,6.73,6.83,6.73,6.82,10932600,74213464.0
2025-10-29 10:15:00,600110,2025-10-29,10:15:00,15,6.82,6.95,6.8,6.89,26895100,185491392.0
2025-10-29 10:30:00,600110,2025-10-29,10:30:00,15,6.9,6.93,6.88,6.92,7484900,51692864.0
2025-10-29 10:45:00,600110,2025-10-29,10:45:00,15,6.91,6.96,6.9,6.95,11640600,80775360.0
2025-10-29 11:00:00,600110,2025-10-29,11:00:00,15,6.95,6.95,6.91,6.92,3428500,23784672.0
2025-10-29 11:15:00,600110,2025-10-29,11:15:00,15,6.92,6.92,6.88,6.91,3823300,26378305.0
2025-10-29 11:30:00,600110,2025-10-29,11:30:00,15,6.91,6.92,6.87,6.9,3401300,23442487.0
2025-10-29 13:15:00,600110,2025-10-29,13:15:00,15,6.9,6.91,6.87,6.88,3418200,23551688.0
2025-10-29 13:30:00,600110,2025-10-29,13:30:00,15,6.88,6.9,6.87,6.9,1707000,11760441.0
2025-10-29 13:45:00,600110,2025-10-29,13:45:00,15,6.89,6.91,6.89,6.91,5023600,34713742.0
2025-10-29 14:00:00,600110,2025-10-29,14:00:00,15,6.92,6.95,6.9,6.9,3305700,22884285.0
2025-10-29 14:15:00,600110,2025-10-29,14:15:00,15,6.91,6.93,6.9,6.93,2998300,20729923.0
2025-10-29 14:30:00,600110,2025-10-29,14:30:00,15,6.92,6.93,6.91,6.92,2397700,16583353.0
2025-10-29 14:45:00,600110,2025-10-29,14:45:00,15,6.91,6.92,6.9,6.92,5337700,36891202.0
2025-10-29 15:00:00,600110,2025-10-29,15:00:00,15,6.92,6.93,6.91,6.93,9306500,64402686.0
2025-10-30 09:45:00,600110,2025-10-30,09:45:00,15,6.85,6.85,6.7,6.71,26509000,179205088.0
2025-10-30 10:00:00,600110,2025-10-30,10:00:00,15,6.71,6.77,6.7,6.77,8366500,56169904.0
2025-10-30 10:15:00,600110,2025-10-30,10:15:00,15,6.76,6.77,6.72,6.74,4399700,29660160.0
2025-10-30 10:30:00,600110,2025-10-30,10:30:00,15,6.75,6.82,6.74,6.79,4570800,31057456.0
2025-10-30 10:45:00,600110,2025-10-30,10:45:00,15,6.79,6.81,6.76,6.76,2452200,16642464.0
2025-10-30 11:00:00,600110,2025-10-30,11:00:00,15,6.76,6.78,6.74,6.77,2082600,14077536.0
2025-10-30 11:15:00,600110,2025-10-30,11:15:00,15,6.76,6.78,6.75,6.75,1462500,9894144.0
2025-10-30 11:30:00,600110,2025-10-30,11:30:00,15,6.76,6.81,6.75,6.8,1996400,13528672.0
2025-10-30 13:15:00,600110,2025-10-30,13:15:00,15,6.79,6.81,6.71,6.71,4894400,32971776.0
2025-10-30 13:30:00,600110,2025-10-30,13:30:00,15,6.71,6.75,6.71,6.74,2327300,15656896.0
2025-10-30 13:45:00,600110,2025-10-30,13:45:00,15,6.73,6.77,6.73,6.75,1671300,11282432.0
2025-10-30 14:00:00,600110,2025-10-30,14:00:00,15,6.75,6.76,6.73,6.74,1610400,10864384.0
2025-10-30 14:15:00,600110,2025-10-30,14:15:00,15,6.74,6.78,6.73,6.75,2461800,16632224.0
2025-10-30 14:30:00,600110,2025-10-30,14:30:00,15,6.74,6.75,6.72,6.73,2057700,13860448.0
2025-10-30 14:45:00,600110,2025-10-30,14:45:00,15,6.72,6.73,6.72,6.72,2593700,17441472.0
2025-10-30 15:00:00,600110,2025-10-30,15:00:00,15,6.72,6.75,6.7,6.75,6673400,44839840.0
2025-10-31 09:45:00,600110,2025-10-31,09:45:00,15,6.8,7.43,6.8,7.27,107869100,787088450.0
2025-10-31 10:00:00,600110,2025-10-31,10:00:00,15,7.27,7.28,7.16,7.2,18776900,135841406.0
2025-10-31 10:15:00,600110,2025-10-31,10:15:00,15,7.2,7.25,7.19,7.24,10773800,77837506.0
2025-10-31 10:30:00,600110,2025-10-31,10:30:00,15,7.23,7.25,7.2,7.21,5585200,40308862.0
2025-10-31 10:45:00,600110,2025-10-31,10:45:00,15,7.21,7.22,7.15,7.17,6662500,47786496.0
2025-10-31 11:00:00,600110,2025-10-31,11:00:00,15,7.17,7.18,7.14,7.18,4993400,35776896.0
2025-10-31 11:15:00,600110,2025-10-31,11:15:00,15,7.19,7.2,7.17,7.17,2505600,17993088.0
2025-10-31 11:30:00,600110,2025-10-31,11:30:00,15,7.17,7.18,7.14,7.15,3126800,22377344.0
2025-10-31 13:15:00,600110,2025-10-31,13:15:00,15,7.14,7.15,7.04,7.1,6839800,48504576.0
2025-10-31 13:30:00,600110,2025-10-31,13:30:00,15,7.1,7.16,7.09,7.15,3343400,23854464.0
2025-10-31 13:45:00,600110,2025-10-31,13:45:00,15,7.15,7.15,7.12,7.13,2806600,20030592.0
2025-10-31 14:00:00,600110,2025-10-31,14:00:00,15,7.14,7.14,7.08,7.12,3330300,23666304.0
2025-10-31 14:15:00,600110,2025-10-31,14:15:00,15,7.11,7.15,7.11,7.15,2841800,20264960.0
2025-10-31 14:30:00,600110,2025-10-31,14:30:00,15,7.15,7.15,7.14,7.14,3135800,22405760.0
2025-10-31 14:45:00,600110,2025-10-31,14:45:00,15,7.14,7.15,7.11,7.12,4456000,31752832.0
2025-10-31 15:00:00,600110,2025-10-31,15:00:00,15,7.12,7.13,7.08,7.08,9772100,69389824.0
2025-11-03 09:45:00,600110,2025-11-03,09:45:00,15,6.92,6.92,6.7,6.71,47742500,323851904.0
2025-11-03 10:00:00,600110,2025-11-03,10:00:00,15,6.72,6.79,6.7,6.75,10852700,73293120.0
2025-11-03 10:15:00,600110,2025-11-03,10:15:00,15,6.76,6.76,6.72,6.74,5942300,39996992.0
2025-11-03 10:30:00,600110,2025-11-03,10:30:00,15,6.74,6.75,6.71,6.71,4784800,32173088.0
2025-11-03 10:45:00,600110,2025-11-03,10:45:00,15,6.71,6.74,6.7,6.74,5539900,37164512.0
2025-11-03 11:00:00,600110,2025-11-03,11:00:00,15,6.73,6.76,6.72,6.76,2682200,18086784.0
2025-11-03 11:15:00,600110,2025-11-03,11:15:00,15,6.75,6.76,6.73,6.73,2754900,18595328.0
2025-11-03 11:30:00,600110,2025-11-03,11:30:00,15,6.73,6.75,6.73,6.75,1154100,7774078.0
2025-11-03 13:15:00,600110,2025-11-03,13:15:00,15,6.75,6.76,6.73,6.76,3258000,21988030.0
2025-11-03 13:30:00,600110,2025-11-03,13:30:00,15,6.75,6.76,6.73,6.74,3263900,22019080.0
2025-11-03 13:45:00,600110,2025-11-03,13:45:00,15,6.74,6.78,6.74,6.78,3542200,23962430.0
2025-11-03 14:00:00,600110,2025-11-03,14:00:00,15,6.78,6.8,6.77,6.78,3153300,21397376.0
2025-11-03 14:15:00,600110,2025-11-03,14:15:00,15,6.78,6.81,6.78,6.8,3061400,20811650.0
2025-11-03 14:30:00,600110,2025-11-03,14:30:00,15,6.79,6.8,6.79,6.8,2384700,16201012.0
2025-11-03 14:45:00,600110,2025-11-03,14:45:00,15,6.79,6.8,6.79,6.8,4076100,27695689.0
2025-11-03 15:00:00,600110,2025-11-03,15:00:00,15,6.79,6.81,6.79,6.81,7949900,54047359.0
2025-11-04 09:45:00,600110,2025-11-04,09:45:00,15,6.82,6.82,6.71,6.75,9058900,61156192.0
2025-11-04 10:00:00,600110,2025-11-04,10:00:00,15,6.75,6.77,6.72,6.74,5106900,34392592.0
2025-11-04 10:15:00,600110,2025-11-04,10:15:00,15,6.75,6.75,6.7,6.7,5506100,36983528.0
2025-11-04 10:30:00,600110,2025-11-04,10:30:00,15,6.71,6.71,6.66,6.66,8095200,54084424.0
2025-11-04 10:45:00,600110,2025-11-04,10:45:00,15,6.67,6.67,6.61,6.62,7275600,48362368.0
2025-11-04 11:00:00,600110,2025-11-04,11:00:00,15,6.62,6.63,6.57,6.61,8460200,55827648.0
2025-11-04 11:15:00,600110,2025-11-04,11:15:00,15,6.61,6.62,6.58,6.61,3943900,26008960.0
2025-11-04 11:30:00,600110,2025-11-04,11:30:00,15,6.62,6.62,6.58,6.6,3773200,24882464.0
2025-11-04 13:15:00,600110,2025-11-04,13:15:00,15,6.6,6.61,6.58,6.59,2720200,17944064.0
2025-11-04 13:30:00,600110,2025-11-04,13:30:00,15,6.59,6.62,6.58,6.61,2256500,14868864.0
2025-11-04 13:45:00,600110,2025-11-04,13:45:00,15,6.6,6.61,6.59,6.6,1145800,7561184.0
2025-11-04 14:00:00,600110,2025-11-04,14:00:00,15,6.6,6.61,6.58,6.6,1809600,11930592.0
2025-11-04 14:15:00,600110,2025-11-04,14:15:00,15,6.61,6.61,6.59,6.59,1782100,11751456.0
2025-11-04 14:30:00,600110,2025-11-04,14:30:00,15,6.59,6.6,6.58,6.59,2199700,14491840.0
2025-11-04 14:45:00,600110,2025-11-04,14:45:00,15,6.58,6.61,6.58,6.61,3274900,21588864.0
2025-11-04 15:00:00,600110,2025-11-04,15:00:00,15,6.61,6.63,6.6,6.62,4535500,30026400.0
2025-11-05 09:45:00,600110,2025-11-05,09:45:00,15,6.5,6.65,6.47,6.62,9681100,63585156.0
2025-11-05 10:00:00,600110,2025-11-05,10:00:00,15,6.62,6.64,6.6,6.63,3025900,20042452.0
2025-11-05 10:15:00,600110,2025-11-05,10:15:00,15,6.63,6.65,6.59,6.63,3736700,24733680.0
2025-11-05 10:30:00,600110,2025-11-05,10:30:00,15,6.62,6.63,6.58,6.58,1956700,12917528.0
2025-11-05 10:45:00,600110,2025-11-05,10:45:00,15,6.59,6.6,6.57,6.58,2348900,15460992.0
2025-11-05 11:00:00,600110,2025-11-05,11:00:00,15,6.58,6.59,6.55,6.55,1597500,10494096.0
2025-11-05 11:15:00,600110,2025-11-05,11:15:00,15,6.55,6.62,6.55,6.61,1333400,8787696.0
2025-11-05 11:30:00,600110,2025-11-05,11:30:00,15,6.62,6.69,6.61,6.67,4805100,31973408.0
2025-11-05 13:15:00,600110,2025-11-05,13:15:00,15,6.66,6.72,6.66,6.72,6119300,40987200.0
2025-11-05 13:30:00,600110,2025-11-05,13:30:00,15,6.72,6.75,6.71,6.73,5321300,35810864.0
2025-11-05 13:45:00,600110,2025-11-05,13:45:00,15,6.74,6.74,6.72,6.73,2310900,15543216.0
2025-11-05 14:00:00,600110,2025-11-05,14:00:00,15,6.72,6.73,6.7,6.71,2038500,13687264.0
2025-11-05 14:15:00,600110,2025-11-05,14:15:00,15,6.7,6.71,6.69,6.7,1729600,11594880.0
2025-11-05 14:30:00,600110,2025-11-05,14:30:00,15,6.7,6.71,6.69,6.7,1013900,6794912.0
2025-11-05 14:45:00,600110,2025-11-05,14:45:00,15,6.7,6.71,6.69,6.7,2396500,16058688.0
2025-11-05 15:00:00,600110,2025-11-05,15:00:00,15,6.7,6.71,6.68,6.68,3787300,25337344.0
2025-11-06 09:45:00,600110,2025-11-06,09:45:00,15,6.68,6.82,6.68,6.71,13112600,88559832.0
2025-11-06 10:00:00,600110,2025-11-06,10:00:00,15,6.72,6.72,6.66,6.67,5189300,34705024.0
2025-11-06 10:15:00,600110,2025-11-06,10:15:00,15,6.67,6.69,6.66,6.69,2691400,17973896.0
2025-11-06 10:30:00,600110,2025-11-06,10:30:00,15,6.69,6.72,6.68,6.72,1958900,13135552.0
2025-11-06 10:45:00,600110,2025-11-06,10:45:00,15,6.71,6.75,6.71,6.73,3798900,25580928.0
2025-11-06 11:00:00,600110,2025-11-06,11:00:00,15,6.74,6.74,6.7,6.72,1908000,12817040.0
2025-11-06 11:15:00,600110,2025-11-06,11:15:00,15,6.73,6.74,6.71,6.72,1862400,12519024.0
2025-11-06 11:30:00,600110,2025-11-06,11:30:00,15,6.72,6.75,6.71,6.73,2008600,13526896.0
2025-11-06 13:15:00,600110,2025-11-06,13:15:00,15,6.74,6.74,6.7,6.71,1177700,7908720.0
2025-11-06 13:30:00,600110,2025-11-06,13:30:00,15,6.71,6.71,6.69,6.7,1547000,10361200.0
2025-11-06 13:45:00,600110,2025-11-06,13:45:00,15,6.7,6.7,6.68,6.69,1194500,7993168.0
2025-11-06 14:00:00,600110,2025-11-06,14:00:00,15,6.69,6.71,6.68,6.7,1189100,7962240.0
2025-11-06 14:15:00,600110,2025-11-06,14:15:00,15,6.7,6.72,6.7,6.71,900100,6041552.0
2025-11-06 14:30:00,600110,2025-11-06,14:30:00,15,6.71,6.73,6.71,6.72,2199300,14768432.0
2025-11-06 14:45:00,600110,2025-11-06,14:45:00,15,6.73,6.73,6.7,6.7,2426100,16289024.0
2025-11-06 15:00:00,600110,2025-11-06,15:00:00,15,6.71,6.72,6.71,6.71,2893700,19424192.0
2025-11-07 09:45:00,600110,2025-11-07,09:45:00,15,6.71,6.74,6.68,6.72,5555300,37265476.0
2025-11-07 10:00:00,600110,2025-11-07,10:00:00,15,6.73,6.73,6.69,6.7,2958100,19847068.0
2025-11-07 10:15:00,600110,2025-11-07,10:15:00,15,6.7,6.74,6.7,6.71,3460800,23272728.0
2025-11-07 10:30:00,600110,2025-11-07,10:30:00,15,6.72,6.75,6.71,6.74,3284100,22100152.0
2025-11-07 10:45:00,600110,2025-11-07,10:45:00,15,6.73,6.89,6.72,6.88,8956000,60871008.0
2025-11-07 11:00:00,600110,2025-11-07,11:00:00,15,6.87,6.97,6.81,6.92,26429500,182387952.0
2025-11-07 11:15:00,600110,2025-11-07,11:15:00,15,6.92,6.93,6.87,6.89,4663300,32186560.0
2025-11-07 11:30:00,600110,2025-11-07,11:30:00,15,6.88,6.91,6.87,6.91,3479400,23966624.0
2025-11-07 13:15:00,600110,2025-11-07,13:15:00,15,6.92,7.0,6.89,7.0,14983800,104197888.0
2025-11-07 13:30:00,600110,2025-11-07,13:30:00,15,7.0,7.0,6.95,6.95,7326900,51162533.0
2025-11-07 13:45:00,600110,2025-11-07,13:45:00,15,6.95,6.97,6.94,6.94,3509200,24406137.0
2025-11-07 14:00:00,600110,2025-11-07,14:00:00,15,6.94,6.95,6.91,6.91,3406600,23587518.0
2025-11-07 14:15:00,600110,2025-11-07,14:15:00,15,6.91,6.92,6.9,6.9,2699600,18652800.0
2025-11-07 14:30:00,600110,2025-11-07,14:30:00,15,6.9,6.92,6.9,6.92,2532300,17501059.0
2025-11-07 14:45:00,600110,2025-11-07,14:45:00,15,6.91,6.92,6.91,6.91,3961100,27387648.0
2025-11-07 15:00:00,600110,2025-11-07,15:00:00,15,6.92,6.92,6.9,6.9,7178700,49561790.0
2025-11-10 09:45:00,600110,2025-11-10,09:45:00,15,7.0,7.14,7.0,7.05,29091100,205354208.0
2025-11-10 10:00:00,600110,2025-11-10,10:00:00,15,7.05,7.15,7.01,7.1,16635200,117772864.0
2025-11-10 10:15:00,600110,2025-11-10,10:15:00,15,7.09,7.11,7.08,7.1,7894900,56006752.0
2025-11-10 10:30:00,600110,2025-11-10,10:30:00,15,7.1,7.15,7.09,7.11,7886000,56178048.0
2025-11-10 10:45:00,600110,2025-11-10,10:45:00,15,7.1,7.12,7.07,7.07,3944000,27969184.0
2025-11-10 11:00:00,600110,2025-11-10,11:00:00,15,7.07,7.08,7.04,7.04,4327900,30548256.0
2025-11-10 11:15:00,600110,2025-11-10,11:15:00,15,7.04,7.05,7.01,7.02,4518000,31718720.0
2025-11-10 11:30:00,600110,2025-11-10,11:30:00,15,7.02,7.03,6.96,6.98,4859300,33991425.0
2025-11-10 13:15:00,600110,2025-11-10,13:15:00,15,6.97,7.12,6.97,7.06,6670400,47137663.0
2025-11-10 13:30:00,600110,2025-11-10,13:30:00,15,7.06,7.12,7.06,7.09,5354900,38014201.0
2025-11-10 13:45:00,600110,2025-11-10,13:45:00,15,7.09,7.11,7.08,7.08,3861400,27402693.0
2025-11-10 14:00:00,600110,2025-11-10,14:00:00,15,7.08,7.09,7.04,7.05,3140000,22146306.0
2025-11-10 14:15:00,600110,2025-11-10,14:15:00,15,7.05,7.09,7.04,7.08,2714600,19203010.0
2025-11-10 14:30:00,600110,2025-11-10,14:30:00,15,7.08,7.14,7.08,7.12,9814000,69786048.0
2025-11-10 14:45:00,600110,2025-11-10,14:45:00,15,7.12,7.23,7.11,7.19,22089700,158332094.0
2025-11-10 15:00:00,600110,2025-11-10,15:00:00,15,7.2,7.2,7.19,7.2,14403700,103634752.0
2025-11-11 09:45:00,600110,2025-11-11,09:45:00,15,7.23,7.31,7.17,7.28,26000300,188659440.0
2025-11-11 10:00:00,600110,2025-11-11,10:00:00,15,7.29,7.35,7.27,7.29,14974600,109493968.0
2025-11-11 10:15:00,600110,2025-11-11,10:15:00,15,7.28,7.29,7.21,7.21,8104400,58762848.0
2025-11-11 10:30:00,600110,2025-11-11,10:30:00,15,7.2,7.21,7.18,7.19,6541100,47077152.0
2025-11-11 10:45:00,600110,2025-11-11,10:45:00,15,7.19,7.2,7.16,7.19,6391900,45863648.0
2025-11-11 11:00:00,600110,2025-11-11,11:00:00,15,7.2,7.23,7.18,7.22,3088000,22254816.0
2025-11-11 11:15:00,600110,2025-11-11,11:15:00,15,7.21,7.25,7.19,7.2,4316400,31180992.0
2025-11-11 11:30:00,600110,2025-11-11,11:30:00,15,7.2,7.21,7.18,7.18,3766600,27100704.0
2025-11-11 13:15:00,600110,2025-11-11,13:15:00,15,7.19,7.35,7.17,7.27,14366600,104586914.0
2025-11-11 13:30:00,600110,2025-11-11,13:30:00,15,7.28,7.28,7.15,7.22,7223500,52018302.0
2025-11-11 13:45:00,600110,2025-11-11,13:45:00,15,7.22,7.4,7.21,7.28,24849600,182255103.0
2025-11-11 14:00:00,600110,2025-11-11,14:00:00,15,7.29,7.29,7.25,7.28,5410500,39323650.0
2025-11-11 14:15:00,600110,2025-11-11,14:15:00,15,7.27,7.3,7.26,7.26,4961100,36084791.0
2025-11-11 14:30:00,600110,2025-11-11,14:30:00,15,7.26,7.3,7.25,7.28,3728800,27126984.0
2025-11-11 14:45:00,600110,2025-11-11,14:45:00,15,7.28,7.28,7.24,7.24,4186100,30398714.0
2025-11-11 15:00:00,600110,2025-11-11,15:00:00,15,7.24,7.26,7.24,7.26,7821500,56717950.0
2025-11-12 09:45:00,600110,2025-11-12,09:45:00,15,7.47,7.58,7.32,7.46,61157300,456873312.0
2025-11-12 10:00:00,600110,2025-11-12,10:00:00,15,7.46,7.55,7.44,7.47,20375300,152536792.0
2025-11-12 10:15:00,600110,2025-11-12,10:15:00,15,7.47,7.9,7.46,7.83,67054600,516738248.0
2025-11-12 10:30:00,600110,2025-11-12,10:30:00,15,7.83,7.97,7.76,7.86,35308600,278725120.0
2025-11-12 10:45:00,600110,2025-11-12,10:45:00,15,7.86,7.86,7.72,7.78,12255600,95465472.0
2025-11-12 11:00:00,600110,2025-11-12,11:00:00,15,7.78,7.79,7.68,7.68,7622500,58887424.0
2025-11-12 11:15:00,600110,2025-11-12,11:15:00,15,7.68,7.74,7.68,7.72,5583800,43065472.0
2025-11-12 11:30:00,600110,2025-11-12,11:30:00,15,7.73,7.98,7.69,7.83,27974800,221098368.0
2025-11-12 13:15:00,600110,2025-11-12,13:15:00,15,7.82,7.85,7.78,7.81,6644700,51962112.0
2025-11-12 13:30:00,600110,2025-11-12,13:30:00,15,7.81,7.81,7.72,7.76,5393100,41901696.0
2025-11-12 13:45:00,600110,2025-11-12,13:45:00,15,7.76,7.79,7.75,7.76,3922700,30482304.0
2025-11-12 14:00:00,600110,2025-11-12,14:00:00,15,7.76,7.8,7.74,7.76,5426500,42160640.0
2025-11-12 14:15:00,600110,2025-11-12,14:15:00,15,7.75,7.77,7.72,7.77,5420300,42010752.0
2025-11-12 14:30:00,600110,2025-11-12,14:30:00,15,7.76,7.8,7.75,7.78,6135300,47744896.0
2025-11-12 14:45:00,600110,2025-11-12,14:45:00,15,7.78,7.78,7.75,7.75,8662700,67267456.0
2025-11-12 15:00:00,600110,2025-11-12,15:00:00,15,7.76,7.76,7.71,7.73,15731200,121606016.0
2025-11-13 09:45:00,600110,2025-11-13,09:45:00,15,7.5,7.93,7.46,7.89,76321700,592873984.0
2025-11-13 10:00:00,600110,2025-11-13,10:00:00,15,7.88,7.91,7.8,7.86,22257800,175126842.0
2025-11-13 10:15:00,600110,2025-11-13,10:15:00,15,7.87,8.05,7.87,8.03,36133000,288392454.0
2025-11-13 10:30:00,600110,2025-11-13,10:30:00,15,8.04,8.23,8.04,8.23,26992000,219066944.0
2025-11-13 10:45:00,600110,2025-11-13,10:45:00,15,8.24,8.24,8.09,8.11,14362900,117239680.0
2025-11-13 11:00:00,600110,2025-11-13,11:00:00,15,8.11,8.15,8.07,8.11,7995500,64732544.0
2025-11-13 11:15:00,600110,2025-11-13,11:15:00,15,8.11,8.28,8.09,8.28,16802700,137968768.0
2025-11-13 11:30:00,600110,2025-11-13,11:30:00,15,8.28,8.29,8.22,8.27,9734500,80531712.0
2025-11-13 13:15:00,600110,2025-11-13,13:15:00,15,8.27,8.3,8.11,8.11,12088300,99694848.0
2025-11-13 13:30:00,600110,2025-11-13,13:30:00,15,8.11,8.27,8.11,8.18,11260400,92267520.0
2025-11-13 13:45:00,600110,2025-11-13,13:45:00,15,8.19,8.2,8.1,8.11,10171600,82685824.0
2025-11-13 14:00:00,600110,2025-11-13,14:00:00,15,8.11,8.25,8.1,8.19,9696700,79393280.0
2025-11-13 14:15:00,600110,2025-11-13,14:15:00,15,8.2,8.2,8.18,8.2,4475100,36651776.0
2025-11-13 14:30:00,600110,2025-11-13,14:30:00,15,8.2,8.2,8.13,8.13,5940100,48483072.0
2025-11-13 14:45:00,600110,2025-11-13,14:45:00,15,8.14,8.19,8.13,8.19,7337400,59912832.0
2025-11-13 15:00:00,600110,2025-11-13,15:00:00,15,8.19,8.2,8.15,8.15,17576400,143802368.0
2025-11-14 09:45:00,600110,2025-11-14,09:45:00,15,8.08,8.84,8.08,8.72,91604900,778587520.0
2025-11-14 10:00:00,600110,2025-11-14,10:00:00,15,8.72,8.73,8.55,8.55,31521400,272189112.0
2025-11-14 10:15:00,600110,2025-11-14,10:15:00,15,8.56,8.65,8.52,8.6,13190300,113227208.0
2025-11-14 10:30:00,600110,2025-11-14,10:30:00,15,8.6,8.61,8.41,8.48,19635800,166532736.0
2025-11-14 10:45:00,600110,2025-11-14,10:45:00,15,8.5,8.53,8.37,8.39,15257500,128347520.0
2025-11-14 11:00:00,600110,2025-11-14,11:00:00,15,8.39,8.41,8.32,8.36,12036600,100647168.0
2025-11-14 11:15:00,600110,2025-11-14,11:15:00,15,8.36,8.42,8.35,8.42,6093800,51100160.0
2025-11-14 11:30:00,600110,2025-11-14,11:30:00,15,8.42,8.42,8.37,8.41,3918800,32894464.0
2025-11-14 13:15:00,600110,2025-11-14,13:15:00,15,8.4,8.4,8.2,8.25,14502900,120004224.0
2025-11-14 13:30:00,600110,2025-11-14,13:30:00,15,8.25,8.31,8.24,8.26,7615900,63007488.0
2025-11-14 13:45:00,600110,2025-11-14,13:45:00,15,8.26,8.42,8.25,8.34,8758000,73203712.0
2025-11-14 14:00:00,600110,2025-11-14,14:00:00,15,8.36,8.51,8.27,8.51,14059200,118255356.0
2025-11-14 14:15:00,600110,2025-11-14,14:15:00,15,8.5,8.65,8.47,8.59,17588300,151197316.0
2025-11-14 14:30:00,600110,2025-11-14,14:30:00,15,8.59,8.59,8.42,8.45,6321200,53678848.0
2025-11-14 14:45:00,600110,2025-11-14,14:45:00,15,8.45,8.49,8.41,8.43,7479000,63265792.0
2025-11-14 15:00:00,600110,2025-11-14,15:00:00,15,8.43,8.44,8.36,8.39,20515100,172257792.0
2025-11-17 09:45:00,600110,2025-11-17,09:45:00,15,8.5,8.64,8.18,8.39,54020300,456430528.0
2025-11-17 10:00:00,600110,2025-11-17,10:00:00,15,8.39,8.43,8.19,8.4,29878200,247323260.0
2025-11-17 10:15:00,600110,2025-11-17,10:15:00,15,8.39,8.4,8.29,8.34,11872000,99168262.0
2025-11-17 10:30:00,600110,2025-11-17,10:30:00,15,8.33,8.42,8.33,8.39,7649100,64046201.0
2025-11-17 10:45:00,600110,2025-11-17,10:45:00,15,8.41,8.48,8.37,8.39,11415200,96320453.0
2025-11-17 11:00:00,600110,2025-11-17,11:00:00,15,8.39,8.49,8.33,8.33,8178800,68884416.0
2025-11-17 11:15:00,600110,2025-11-17,11:15:00,15,8.33,8.4,8.29,8.35,5514100,45969465.0
2025-11-17 11:30:00,600110,2025-11-17,11:30:00,15,8.35,8.36,8.24,8.26,10237300,84660487.0
2025-11-17 13:15:00,600110,2025-11-17,13:15:00,15,8.26,8.26,8.19,8.22,7840700,64439040.0
2025-11-17 13:30:00,600110,2025-11-17,13:30:00,15,8.23,8.3,8.21,8.3,6109400,50365056.0
2025-11-17 13:45:00,600110,2025-11-17,13:45:00,15,8.27,8.35,8.23,8.29,6485900,53592576.0
2025-11-17 14:00:00,600110,2025-11-17,14:00:00,15,8.29,8.33,8.26,8.28,5227800,43287552.0
2025-11-17 14:15:00,600110,2025-11-17,14:15:00,15,8.27,8.38,8.27,8.36,8198200,68211584.0
2025-11-17 14:30:00,600110,2025-11-17,14:30:00,15,8.36,8.4,8.3,8.31,6856300,57166330.0
2025-11-17 14:45:00,600110,2025-11-17,14:45:00,15,8.31,8.35,8.3,8.34,6174400,51382530.0
2025-11-17 15:00:00,600110,2025-11-17,15:00:00,15,8.34,8.39,8.34,8.36,12337500,103185920.0
2025-11-18 09:45:00,600110,2025-11-18,09:45:00,15,8.29,8.38,8.13,8.16,38062400,312940768.0
2025-11-18 10:00:00,600110,2025-11-18,10:00:00,15,8.18,8.2,7.89,7.95,42944000,344607840.0
2025-11-18 10:15:00,600110,2025-11-18,10:15:00,15,7.94,8.02,7.92,7.97,14966200,119234304.0
2025-11-18 10:30:00,600110,2025-11-18,10:30:00,15,7.97,7.98,7.89,7.94,12724000,100866944.0
2025-11-18 10:45:00,600110,2025-11-18,10:45:00,15,7.95,7.97,7.86,7.87,13475000,106392576.0
2025-11-18 11:00:00,600110,2025-11-18,11:00:00,15,7.87,7.9,7.81,7.84,13962700,109615168.0
2025-11-18 11:15:00,600110,2025-11-18,11:15:00,15,7.84,7.87,7.8,7.86,10792100,84413568.0
2025-11-18 11:30:00,600110,2025-11-18,11:30:00,15,7.86,7.89,7.75,7.78,10234000,79792128.0
2025-11-18 13:15:00,600110,2025-11-18,13:15:00,15,7.78,7.79,7.71,7.74,13405000,103818880.0
2025-11-18 13:30:00,600110,2025-11-18,13:30:00,15,7.74,7.77,7.66,7.68,13633800,105023616.0
2025-11-18 13:45:00,600110,2025-11-18,13:45:00,15,7.68,7.72,7.68,7.7,8484700,65337856.0
2025-11-18 14:00:00,600110,2025-11-18,14:00:00,15,7.71,7.72,7.66,7.68,8336900,64145408.0
2025-11-18 14:15:00,600110,2025-11-18,14:15:00,15,7.68,7.69,7.65,7.66,10633000,81499776.0
2025-11-18 14:30:00,600110,2025-11-18,14:30:00,15,7.66,7.69,7.63,7.65,8564500,65568000.0
2025-11-18 14:45:00,600110,2025-11-18,14:45:00,15,7.64,7.71,7.64,7.7,10007300,76827008.0
2025-11-18 15:00:00,600110,2025-11-18,15:00:00,15,7.69,7.71,7.68,7.7,11612000,89355776.0
2025-11-19 09:45:00,600110,2025-11-19,09:45:00,15,7.6,7.86,7.6,7.73,26380100,204670304.0
2025-11-19 10:00:00,600110,2025-11-19,10:00:00,15,7.73,7.78,7.58,7.61,13449600,103168352.0
2025-11-19 10:15:00,600110,2025-11-19,10:15:00,15,7.61,7.65,7.56,7.6,9039100,68665536.0
2025-11-19 10:30:00,600110,2025-11-19,10:30:00,15,7.59,7.6,7.53,7.55,7162600,54128864.0
2025-11-19 10:45:00,600110,2025-11-19,10:45:00,15,7.55,7.63,7.54,7.55,4658600,35291904.0
2025-11-19 11:00:00,600110,2025-11-19,11:00:00,15,7.56,7.62,7.51,7.53,5366900,40580928.0
2025-11-19 11:15:00,600110,2025-11-19,11:15:00,15,7.53,7.53,7.48,7.49,5584400,41855456.0
2025-11-19 11:30:00,600110,2025-11-19,11:30:00,15,7.49,7.5,7.45,7.47,6207500,46346432.0
2025-11-19 13:15:00,600110,2025-11-19,13:15:00,15,7.45,7.92,7.45,7.53,30265900,233277120.0
2025-11-19 13:30:00,600110,2025-11-19,13:30:00,15,7.52,7.57,7.5,7.54,6100300,45970560.0
2025-11-19 13:45:00,600110,2025-11-19,13:45:00,15,7.54,7.54,7.48,7.49,5897700,44273600.0
2025-11-19 14:00:00,600110,2025-11-19,14:00:00,15,7.5,7.61,7.49,7.6,5768400,43598398.0
2025-11-19 14:15:00,600110,2025-11-19,14:15:00,15,7.61,7.61,7.55,7.59,3239700,24562567.0
2025-11-19 14:30:00,600110,2025-11-19,14:30:00,15,7.58,7.61,7.57,7.58,3145500,23862524.0
2025-11-19 14:45:00,600110,2025-11-19,14:45:00,15,7.6,7.62,7.57,7.59,4674800,35492863.0
2025-11-19 15:00:00,600110,2025-11-19,15:00:00,15,7.58,7.59,7.56,7.57,7170800,54315392.0
2025-11-20 09:45:00,600110,2025-11-20,09:45:00,15,7.58,8.33,7.55,8.33,58651800,478256480.0
2025-11-20 10:00:00,600110,2025-11-20,10:00:00,15,8.33,8.33,8.33,8.33,6129200,51055744.0
2025-11-20 10:15:00,600110,2025-11-20,10:15:00,15,8.33,8.33,8.33,8.33,1979000,16485088.0
2025-11-20 10:30:00,600110,2025-11-20,10:30:00,15,8.33,8.33,8.33,8.33,2641300,22001984.0
2025-11-20 10:45:00,600110,2025-11-20,10:45:00,15,8.33,8.33,7.95,8.0,71887100,583578112.0
2025-11-20 11:00:00,600110,2025-11-20,11:00:00,15,7.99,8.01,7.92,7.92,17782700,141515392.0
2025-11-20 11:15:00,600110,2025-11-20,11:15:00,15,7.92,7.99,7.91,7.97,8784300,69771264.0
2025-11-20 11:30:00,600110,2025-11-20,11:30:00,15,7.97,8.02,7.94,7.98,9946200,79310336.0
2025-11-20 13:15:00,600110,2025-11-20,13:15:00,15,7.99,8.11,7.92,8.0,16068800,128877952.0
2025-11-20 13:30:00,600110,2025-11-20,13:30:00,15,8.0,8.02,7.96,8.0,6188500,49456768.0
2025-11-20 13:45:00,600110,2025-11-20,13:45:00,15,8.0,8.01,7.92,7.93,6766000,53782144.0
2025-11-20 14:00:00,600110,2025-11-20,14:00:00,15,7.92,7.98,7.91,7.94,7415600,58832128.0
2025-11-20 14:15:00,600110,2025-11-20,14:15:00,15,7.94,7.96,7.88,7.89,6506700,51474048.0
2025-11-20 14:30:00,600110,2025-11-20,14:30:00,15,7.89,7.91,7.85,7.88,5773600,45474688.0
2025-11-20 14:45:00,600110,2025-11-20,14:45:00,15,7.87,7.92,7.85,7.9,8374000,65996160.0
2025-11-20 15:00:00,600110,2025-11-20,15:00:00,15,7.9,7.91,7.86,7.86,11996000,94591616.0
2025-11-21 09:45:00,600110,2025-11-21,09:45:00,15,7.56,7.61,7.2,7.31,57977600,427511872.0
2025-11-21 10:00:00,600110,2025-11-21,10:00:00,15,7.3,7.35,7.16,7.2,23666700,171298304.0
2025-11-21 10:15:00,600110,2025-11-21,10:15:00,15,7.19,7.23,7.11,7.12,16494700,118125440.0
2025-11-21 10:30:00,600110,2025-11-21,10:30:00,15,7.13,7.14,7.08,7.08,12955600,92120128.0
2025-11-21 10:45:00,600110,2025-11-21,10:45:00,15,7.08,7.1,7.07,7.09,11743700,83159040.0
2025-11-21 11:00:00,600110,2025-11-21,11:00:00,15,7.09,7.1,7.07,7.09,12286100,86942784.0
2025-11-21 11:15:00,600110,2025-11-21,11:15:00,15,7.09,7.12,7.07,7.07,7567300,53555840.0
2025-11-21 11:30:00,600110,2025-11-21,11:30:00,15,7.07,7.07,7.07,7.07,4323200,30565056.0
2025-11-21 13:15:00,600110,2025-11-21,13:15:00,15,7.07,7.09,7.07,7.08,11854600,83847808.0
2025-11-21 13:30:00,600110,2025-11-21,13:30:00,15,7.09,7.11,7.07,7.07,6984700,49437696.0
2025-11-21 13:45:00,600110,2025-11-21,13:45:00,15,7.07,7.08,7.07,7.07,3641600,25753856.0
2025-11-21 14:00:00,600110,2025-11-21,14:00:00,15,7.07,7.07,7.07,7.07,1071800,7577600.0
2025-11-21 14:15:00,600110,2025-11-21,14:15:00,15,7.07,7.07,7.07,7.07,773400,5467904.0
2025-11-21 14:30:00,600110,2025-11-21,14:30:00,15,7.07,7.07,7.07,7.07,1004200,7099648.0
2025-11-21 14:45:00,600110,2025-11-21,14:45:00,15,7.07,7.07,7.07,7.07,937400,6627456.0
2025-11-21 15:00:00,600110,2025-11-21,15:00:00,15,7.07,7.07,7.07,7.07,1749700,12370432.0
2025-11-24 09:45:00,600110,2025-11-24,09:45:00,15,7.07,7.12,6.79,6.97,33079400,228232832.0
2025-11-24 10:00:00,600110,2025-11-24,10:00:00,15,6.97,7.01,6.9,6.93,10254600,71345984.0
2025-11-24 10:15:00,600110,2025-11-24,10:15:00,15,6.93,6.96,6.86,6.94,7963100,55020160.0
2025-11-24 10:30:00,600110,2025-11-24,10:30:00,15,6.94,7.07,6.93,6.99,6556800,45915168.0
2025-11-24 10:45:00,600110,2025-11-24,10:45:00,15,6.99,7.02,6.98,6.98,2820600,19745792.0
2025-11-24 11:00:00,600110,2025-11-24,11:00:00,15,6.98,7.01,6.93,6.94,2698500,18799168.0
2025-11-24 11:15:00,600110,2025-11-24,11:15:00,15,6.94,6.95,6.9,6.91,2535400,17544896.0
2025-11-24 11:30:00,600110,2025-11-24,11:30:00,15,6.9,6.91,6.87,6.87,2960300,20397280.0
2025-11-24 13:15:00,600110,2025-11-24,13:15:00,15,6.87,6.91,6.86,6.91,3852900,26493984.0
2025-11-24 13:30:00,600110,2025-11-24,13:30:00,15,6.91,6.96,6.89,6.96,2978000,20590240.0
2025-11-24 13:45:00,600110,2025-11-24,13:45:00,15,6.96,7.03,6.95,7.01,4907000,34308098.0
2025-11-24 14:00:00,600110,2025-11-24,14:00:00,15,7.01,7.07,7.0,7.05,5204400,36606590.0
2025-11-24 14:15:00,600110,2025-11-24,14:15:00,15,7.07,7.11,7.06,7.08,7311100,51849728.0
2025-11-24 14:30:00,600110,2025-11-24,14:30:00,15,7.08,7.1,7.06,7.08,5245100,37126592.0
2025-11-24 14:45:00,600110,2025-11-24,14:45:00,15,7.08,7.09,7.05,7.05,6772200,47868608.0
2025-11-24 15:00:00,600110,2025-11-24,15:00:00,15,7.05,7.06,7.0,7.03,7909200,55590534.0
2025-11-25 09:45:00,600110,2025-11-25,09:45:00,15,7.12,7.43,7.07,7.34,31960700,232392816.0
2025-11-25 10:00:00,600110,2025-11-25,10:00:00,15,7.34,7.61,7.27,7.56,30333000,226844912.0
2025-11-25 10:15:00,600110,2025-11-25,10:15:00,15,7.56,7.63,7.5,7.55,13706000,103645722.0
2025-11-25 10:30:00,600110,2025-11-25,10:30:00,15,7.56,7.57,7.48,7.53,7870700,59147661.0
2025-11-25 10:45:00,600110,2025-11-25,10:45:00,15,7.54,7.61,7.54,7.56,12264100,93040569.0
2025-11-25 11:00:00,600110,2025-11-25,11:00:00,15,7.56,7.56,7.49,7.49,3863500,29065596.0
2025-11-25 11:15:00,600110,2025-11-25,11:15:00,15,7.49,7.51,7.47,7.5,3242600,24280778.0
2025-11-25 11:30:00,600110,2025-11-25,11:30:00,15,7.51,7.56,7.5,7.52,2609800,19645434.0
2025-11-25 13:15:00,600110,2025-11-25,13:15:00,15,7.52,7.65,7.47,7.61,10523400,79804672.0
2025-11-25 13:30:00,600110,2025-11-25,13:30:00,15,7.6,7.71,7.57,7.61,13123500,100435840.0
2025-11-25 13:45:00,600110,2025-11-25,13:45:00,15,7.61,7.61,7.56,7.6,3645000,27651328.0
2025-11-25 14:00:00,600110,2025-11-25,14:00:00,15,7.59,7.73,7.59,7.72,40198000,310114304.0
2025-11-25 14:15:00,600110,2025-11-25,14:15:00,15,7.71,7.73,7.67,7.73,13544000,104502912.0
2025-11-25 14:30:00,600110,2025-11-25,14:30:00,15,7.73,7.73,7.73,7.73,2172800,16796416.0
2025-11-25 14:45:00,600110,2025-11-25,14:45:00,15,7.73,7.73,7.72,7.73,4641800,35878656.0
2025-11-25 15:00:00,600110,2025-11-25,15:00:00,15,7.73,7.73,7.73,7.73,1733900,13402880.0
2025-11-26 09:45:00,600110,2025-11-26,09:45:00,15,7.74,7.75,7.52,7.6,40493400,308429472.0
2025-11-26 10:00:00,600110,2025-11-26,10:00:00,15,7.61,7.63,7.55,7.6,10869800,82501472.0
2025-11-26 10:15:00,600110,2025-11-26,10:15:00,15,7.6,7.62,7.55,7.55,9176200,69486432.0
2025-11-26 10:30:00,600110,2025-11-26,10:30:00,15,7.55,7.57,7.52,7.53,9716800,73282688.0
2025-11-26 10:45:00,600110,2025-11-26,10:45:00,15,7.53,7.62,7.53,7.55,7286200,55141720.0
2025-11-26 11:00:00,600110,2025-11-26,11:00:00,15,7.55,7.58,7.52,7.57,6676500,50372934.0
2025-11-26 11:15:00,600110,2025-11-26,11:15:00,15,7.57,7.6,7.55,7.6,3634700,27557886.0
2025-11-26 11:30:00,600110,2025-11-26,11:30:00,15,7.59,7.62,7.58,7.6,3057500,23233532.0
2025-11-26 13:15:00,600110,2025-11-26,13:15:00,15,7.6,7.61,7.53,7.54,4531900,34296388.0
2025-11-26 13:30:00,600110,2025-11-26,13:30:00,15,7.54,7.55,7.53,7.53,3584900,27022602.0
2025-11-26 13:45:00,600110,2025-11-26,13:45:00,15,7.53,7.53,7.48,7.49,8097800,60766522.0
2025-11-26 14:00:00,600110,2025-11-26,14:00:00,15,7.49,7.5,7.46,7.47,4059600,30371904.0
2025-11-26 14:15:00,600110,2025-11-26,14:15:00,15,7.47,7.48,7.45,7.47,3929500,29318016.0
2025-11-26 14:30:00,600110,2025-11-26,14:30:00,15,7.47,7.5,7.45,7.47,4578300,34199744.0
2025-11-26 14:45:00,600110,2025-11-26,14:45:00,15,7.47,7.48,7.45,7.46,5101900,38086656.0
2025-11-26 15:00:00,600110,2025-11-26,15:00:00,15,7.46,7.5,7.46,7.47,10201500,76211328.0
2025-11-27 09:45:00,600110,2025-11-27,09:45:00,15,7.46,7.57,7.46,7.57,17278000,129908048.0
2025-11-27 10:00:00,600110,2025-11-27,10:00:00,15,7.57,7.61,7.52,7.61,9168100,69282112.0
2025-11-27 10:15:00,600110,2025-11-27,10:15:00,15,7.61,7.65,7.58,7.59,9534700,72606096.0
2025-11-27 10:30:00,600110,2025-11-27,10:30:00,15,7.58,7.59,7.54,7.55,5381900,40703552.0
2025-11-27 10:45:00,600110,2025-11-27,10:45:00,15,7.54,7.56,7.49,7.51,6719600,50514080.0
2025-11-27 11:00:00,600110,2025-11-27,11:00:00,15,7.52,7.52,7.47,7.49,4698000,35181280.0
2025-11-27 11:15:00,600110,2025-11-27,11:15:00,15,7.5,7.5,7.45,7.47,2928800,21886336.0
2025-11-27 11:30:00,600110,2025-11-27,11:30:00,15,7.47,7.49,7.44,7.44,3069000,22896160.0
2025-11-27 13:15:00,600110,2025-11-27,13:15:00,15,7.45,7.51,7.45,7.5,2996800,22418528.0
2025-11-27 13:30:00,600110,2025-11-27,13:30:00,15,7.5,7.56,7.48,7.49,4221300,31766496.0
2025-11-27 13:45:00,600110,2025-11-27,13:45:00,15,7.48,7.51,7.46,7.47,3308800,24738976.0
2025-11-27 14:00:00,600110,2025-11-27,14:00:00,15,7.47,7.5,7.46,7.49,3363200,25143713.0
2025-11-27 14:15:00,600110,2025-11-27,14:15:00,15,7.5,7.5,7.47,7.49,2049700,15333815.0
2025-11-27 14:30:00,600110,2025-11-27,14:30:00,15,7.49,7.5,7.48,7.49,2493600,18665612.0
2025-11-27 14:45:00,600110,2025-11-27,14:45:00,15,7.49,7.49,7.46,7.47,4904200,36640695.0
2025-11-27 15:00:00,600110,2025-11-27,15:00:00,15,7.47,7.48,7.44,7.46,8703100,64898825.0
2025-11-28 09:45:00,600110,2025-11-28,09:45:00,15,7.42,7.58,7.39,7.57,14785900,111132944.0
2025-11-28 10:00:00,600110,2025-11-28,10:00:00,15,7.57,7.69,7.53,7.67,19903700,151986784.0
2025-11-28 10:15:00,600110,2025-11-28,10:15:00,15,7.68,7.69,7.57,7.63,8744500,66619216.0
2025-11-28 10:30:00,600110,2025-11-28,10:30:00,15,7.63,7.65,7.53,7.54,6753400,51231008.0
2025-11-28 10:45:00,600110,2025-11-28,10:45:00,15,7.53,7.57,7.53,7.54,2617500,19759872.0
2025-11-28 11:00:00,600110,2025-11-28,11:00:00,15,7.54,7.56,7.52,7.52,2728800,20570080.0
2025-11-28 11:15:00,600110,2025-11-28,11:15:00,15,7.52,7.53,7.45,7.48,7051800,52765952.0
2025-11-28 11:30:00,600110,2025-11-28,11:30:00,15,7.48,7.52,7.47,7.5,2080100,15611712.0
2025-11-28 13:15:00,600110,2025-11-28,13:15:00,15,7.5,7.57,7.48,7.52,3886000,29243456.0
2025-11-28 13:30:00,600110,2025-11-28,13:30:00,15,7.52,7.57,7.49,7.51,3638000,27380096.0
2025-11-28 13:45:00,600110,2025-11-28,13:45:00,15,7.51,7.55,7.5,7.54,1966100,14785852.0
2025-11-28 14:00:00,600110,2025-11-28,14:00:00,15,7.54,7.55,7.52,7.54,2132300,16065598.0
2025-11-28 14:15:00,600110,2025-11-28,14:15:00,15,7.53,7.54,7.5,7.51,2978900,22394181.0
2025-11-28 14:30:00,600110,2025-11-28,14:30:00,15,7.51,7.53,7.5,7.51,2711200,20379655.0
2025-11-28 14:45:00,600110,2025-11-28,14:45:00,15,7.51,7.52,7.5,7.51,4573800,34339965.0
2025-11-28 15:00:00,600110,2025-11-28,15:00:00,15,7.5,7.53,7.5,7.52,5310500,39891133.0
2025-12-01 09:45:00,600110,2025-12-01,09:45:00,15,7.63,7.89,7.62,7.88,37495200,291231744.0
2025-12-01 10:00:00,600110,2025-12-01,10:00:00,15,7.88,7.88,7.72,7.8,14714400,114551712.0
2025-12-01 10:15:00,600110,2025-12-01,10:15:00,15,7.8,7.82,7.7,7.7,9931900,77048960.0
2025-12-01 10:30:00,600110,2025-12-01,10:30:00,15,7.7,7.73,7.65,7.7,7449900,57221344.0
2025-12-01 10:45:00,600110,2025-12-01,10:45:00,15,7.7,7.7,7.64,7.64,4194700,32179462.0
2025-12-01 11:00:00,600110,2025-12-01,11:00:00,15,7.65,7.67,7.62,7.65,4237800,32369082.0
2025-12-01 11:15:00,600110,2025-12-01,11:15:00,15,7.66,7.77,7.66,7.76,3630100,28010300.0
2025-12-01 11:30:00,600110,2025-12-01,11:30:00,15,7.76,7.76,7.69,7.71,2380700,18368316.0
2025-12-01 13:15:00,600110,2025-12-01,13:15:00,15,7.7,7.8,7.7,7.77,5647400,43807046.0
2025-12-01 13:30:00,600110,2025-12-01,13:30:00,15,7.77,7.87,7.75,7.82,11325100,88651906.0
2025-12-01 13:45:00,600110,2025-12-01,13:45:00,15,7.81,7.84,7.72,7.73,5413300,42132857.0
2025-12-01 14:00:00,600110,2025-12-01,14:00:00,15,7.72,7.8,7.71,7.77,4354900,33795211.0
2025-12-01 14:15:00,600110,2025-12-01,14:15:00,15,7.76,7.79,7.76,7.78,3490900,27138046.0
2025-12-01 14:30:00,600110,2025-12-01,14:30:00,15,7.78,7.78,7.72,7.75,4847900,37520890.0
2025-12-01 14:45:00,600110,2025-12-01,14:45:00,15,7.74,7.78,7.74,7.77,5723000,44436483.0
2025-12-01 15:00:00,600110,2025-12-01,15:00:00,15,7.78,7.78,7.76,7.78,10609100,82466568.0
2025-12-02 09:45:00,600110,2025-12-02,09:45:00,15,8.05,8.1,7.59,7.66,49540100,386214912.0
2025-12-02 10:00:00,600110,2025-12-02,10:00:00,15,7.65,7.91,7.65,7.81,22491500,175800838.0
2025-12-02 10:15:00,600110,2025-12-02,10:15:00,15,7.81,7.82,7.69,7.69,7405100,57419770.0
2025-12-02 10:30:00,600110,2025-12-02,10:30:00,15,7.7,7.7,7.63,7.64,7080800,54223744.0
2025-12-02 10:45:00,600110,2025-12-02,10:45:00,15,7.63,7.71,7.61,7.67,5573600,42634624.0
2025-12-02 11:00:00,600110,2025-12-02,11:00:00,15,7.67,7.72,7.66,7.67,3046400,23408065.0
2025-12-02 11:15:00,600110,2025-12-02,11:15:00,15,7.67,7.68,7.63,7.64,3122800,23881151.0
2025-12-02 11:30:00,600110,2025-12-02,11:30:00,15,7.63,7.67,7.58,7.64,8643100,65796992.0
2025-12-02 13:15:00,600110,2025-12-02,13:15:00,15,7.64,7.81,7.64,7.69,8483900,65562240.0
2025-12-02 13:30:00,600110,2025-12-02,13:30:00,15,7.67,7.7,7.65,7.68,2998200,23001216.0
2025-12-02 13:45:00,600110,2025-12-02,13:45:00,15,7.68,7.7,7.66,7.66,2291900,17592704.0
2025-12-02 14:00:00,600110,2025-12-02,14:00:00,15,7.66,7.7,7.65,7.68,3780100,28987386.0
2025-12-02 14:15:00,600110,2025-12-02,14:15:00,15,7.67,7.68,7.64,7.68,3595500,27524998.0
2025-12-02 14:30:00,600110,2025-12-02,14:30:00,15,7.66,7.69,7.65,7.66,2408700,18463296.0
2025-12-02 14:45:00,600110,2025-12-02,14:45:00,15,7.66,7.66,7.63,7.63,4465600,34115328.0
2025-12-02 15:00:00,600110,2025-12-02,15:00:00,15,7.63,7.68,7.63,7.67,7487900,57349312.0
2025-12-03 09:45:00,600110,2025-12-03,09:45:00,15,7.67,7.85,7.59,7.64,20715400,159361312.0
2025-12-03 10:00:00,600110,2025-12-03,10:00:00,15,7.64,7.73,7.57,7.64,9298400,71072512.0
2025-12-03 10:15:00,600110,2025-12-03,10:15:00,15,7.64,7.67,7.59,7.6,5881200,44785376.0
2025-12-03 10:30:00,600110,2025-12-03,10:30:00,15,7.6,7.62,7.55,7.56,7651500,57946144.0
2025-12-03 10:45:00,600110,2025-12-03,10:45:00,15,7.57,7.8,7.56,7.73,22817300,175910208.0
2025-12-03 11:00:00,600110,2025-12-03,11:00:00,15,7.73,7.74,7.63,7.63,5487300,42157404.0
2025-12-03 11:15:00,600110,2025-12-03,11:15:00,15,7.64,7.68,7.63,7.67,2208900,16915068.0
2025-12-03 11:30:00,600110,2025-12-03,11:30:00,15,7.67,7.68,7.61,7.63,3390500,25890696.0
2025-12-03 13:15:00,600110,2025-12-03,13:15:00,15,7.63,7.85,7.63,7.76,21937200,171117380.0
2025-12-03 13:30:00,600110,2025-12-03,13:30:00,15,7.76,7.78,7.73,7.74,4572200,35439744.0
2025-12-03 13:45:00,600110,2025-12-03,13:45:00,15,7.74,7.77,7.71,7.76,5156000,39887860.0
2025-12-03 14:00:00,600110,2025-12-03,14:00:00,15,7.77,7.82,7.75,7.76,8700500,67669126.0
2025-12-03 14:15:00,600110,2025-12-03,14:15:00,15,7.76,7.77,7.73,7.74,4631500,35883262.0
2025-12-03 14:30:00,600110,2025-12-03,14:30:00,15,7.75,7.75,7.69,7.7,6716600,51848836.0
2025-12-03 14:45:00,600110,2025-12-03,14:45:00,15,7.71,7.72,7.67,7.67,7325100,56375168.0
2025-12-03 15:00:00,600110,2025-12-03,15:00:00,15,7.68,7.72,7.67,7.72,10221300,78656262.0
2025-12-04 09:45:00,600110,2025-12-04,09:45:00,15,7.82,8.03,7.75,7.87,53173800,421220608.0
2025-12-04 10:00:00,600110,2025-12-04,10:00:00,15,7.86,7.96,7.85,7.86,13087400,103286912.0
2025-12-04 10:15:00,600110,2025-12-04,10:15:00,15,7.86,7.9,7.78,7.88,10764700,84283968.0
2025-12-04 10:30:00,600110,2025-12-04,10:30:00,15,7.88,7.93,7.83,7.9,7813900,61617088.0
2025-12-04 10:45:00,600110,2025-12-04,10:45:00,15,7.91,7.95,7.89,7.92,7766600,61516610.0
2025-12-04 11:00:00,600110,2025-12-04,11:00:00,15,7.92,7.92,7.86,7.88,4324900,34102266.0
2025-12-04 11:15:00,600110,2025-12-04,11:15:00,15,7.87,7.88,7.83,7.86,4296200,33736772.0
2025-12-04 11:30:00,600110,2025-12-04,11:30:00,15,7.86,7.87,7.83,7.84,2677000,21019136.0
2025-12-04 13:15:00,600110,2025-12-04,13:15:00,15,7.85,7.88,7.82,7.83,4122700,32358267.0
2025-12-04 13:30:00,600110,2025-12-04,13:30:00,15,7.83,7.83,7.78,7.78,5898600,46039685.0
2025-12-04 13:45:00,600110,2025-12-04,13:45:00,15,7.78,7.79,7.73,7.76,6350600,49245632.0
2025-12-04 14:00:00,600110,2025-12-04,14:00:00,15,7.76,7.77,7.75,7.76,2861600,22195520.0
2025-12-04 14:15:00,600110,2025-12-04,14:15:00,15,7.76,7.79,7.75,7.78,4070300,31594112.0
2025-12-04 14:30:00,600110,2025-12-04,14:30:00,15,7.78,7.78,7.74,7.75,4880400,37840896.0
2025-12-04 14:45:00,600110,2025-12-04,14:45:00,15,7.75,7.77,7.74,7.75,4470900,34670848.0
2025-12-04 15:00:00,600110,2025-12-04,15:00:00,15,7.76,7.79,7.75,7.78,7700800,59778048.0
2025-12-05 09:45:00,600110,2025-12-05,09:45:00,15,7.8,7.84,7.29,7.32,44479300,330297888.0
2025-12-05 10:00:00,600110,2025-12-05,10:00:00,15,7.32,7.43,7.32,7.4,11991700,88482656.0
2025-12-05 10:15:00,600110,2025-12-05,10:15:00,15,7.4,7.48,7.38,7.38,6405500,47599552.0
2025-12-05 10:30:00,600110,2025-12-05,10:30:00,15,7.38,7.42,7.38,7.39,4402900,32561760.0
2025-12-05 10:45:00,600110,2025-12-05,10:45:00,15,7.39,7.42,7.39,7.4,3502400,25919584.0
2025-12-05 11:00:00,600110,2025-12-05,11:00:00,15,7.41,7.42,7.39,7.4,3877000,28695236.0
2025-12-05 11:15:00,600110,2025-12-05,11:15:00,15,7.4,7.46,7.39,7.46,3303300,24539960.0
2025-12-05 11:30:00,600110,2025-12-05,11:30:00,15,7.46,7.51,7.45,7.48,4782200,35792068.0
2025-12-05 13:15:00,600110,2025-12-05,13:15:00,15,7.47,7.58,7.47,7.55,5905900,44517888.0
2025-12-05 13:30:00,600110,2025-12-05,13:30:00,15,7.55,7.57,7.49,7.51,3269100,24587071.0
2025-12-05 13:45:00,600110,2025-12-05,13:45:00,15,7.51,7.54,7.48,7.49,2935400,22028744.0
2025-12-05 14:00:00,600110,2025-12-05,14:00:00,15,7.49,7.56,7.49,7.56,4318400,32527481.0
2025-12-05 14:15:00,600110,2025-12-05,14:15:00,15,7.56,7.6,7.56,7.57,5472600,41474560.0
2025-12-05 14:30:00,600110,2025-12-05,14:30:00,15,7.56,7.59,7.56,7.57,3970500,30068032.0
2025-12-05 14:45:00,600110,2025-12-05,14:45:00,15,7.57,7.59,7.56,7.56,4838500,36650368.0
2025-12-05 15:00:00,600110,2025-12-05,15:00:00,15,7.57,7.57,7.53,7.56,9442100,71347584.0
2025-12-08 09:45:00,600110,2025-12-08,09:45:00,15,7.42,7.56,7.39,7.52,19048700,142346544.0
2025-12-08 10:00:00,600110,2025-12-08,10:00:00,15,7.52,7.55,7.45,7.52,9382600,70448400.0
2025-12-08 10:15:00,600110,2025-12-08,10:15:00,15,7.52,7.63,7.52,7.6,11169300,84783936.0
2025-12-08 10:30:00,600110,2025-12-08,10:30:00,15,7.61,7.63,7.57,7.57,5107100,38813440.0
2025-12-08 10:45:00,600110,2025-12-08,10:45:00,15,7.57,7.71,7.56,7.7,11244500,86128512.0
2025-12-08 11:00:00,600110,2025-12-08,11:00:00,15,7.7,7.7,7.63,7.66,4400000,33664224.0
2025-12-08 11:15:00,600110,2025-12-08,11:15:00,15,7.66,7.68,7.64,7.67,3488400,26709056.0
2025-12-08 11:30:00,600110,2025-12-08,11:30:00,15,7.67,7.74,7.67,7.69,5963900,45923136.0
2025-12-08 13:15:00,600110,2025-12-08,13:15:00,15,7.7,7.71,7.67,7.68,3388200,26055968.0
2025-12-08 13:30:00,600110,2025-12-08,13:30:00,15,7.68,7.71,7.66,7.71,4193800,32230534.0
2025-12-08 13:45:00,600110,2025-12-08,13:45:00,15,7.72,7.73,7.7,7.71,3875700,29884090.0
2025-12-08 14:00:00,600110,2025-12-08,14:00:00,15,7.71,7.72,7.68,7.68,3023500,23267776.0
2025-12-08 14:15:00,600110,2025-12-08,14:15:00,15,7.68,7.7,7.66,7.66,3717900,28549120.0
2025-12-08 14:30:00,600110,2025-12-08,14:30:00,15,7.66,7.66,7.62,7.64,4602100,35143809.0
2025-12-08 14:45:00,600110,2025-12-08,14:45:00,15,7.64,7.68,7.63,7.65,4832200,36981371.0
2025-12-08 15:00:00,600110,2025-12-08,15:00:00,15,7.66,7.66,7.63,7.65,7479100,57156928.0
2025-12-09 09:45:00,600110,2025-12-09,09:45:00,15,7.65,7.65,7.38,7.51,25408600,189641952.0
2025-12-09 10:00:00,600110,2025-12-09,10:00:00,15,7.51,7.51,7.44,7.49,6621900,49490512.0
2025-12-09 10:15:00,600110,2025-12-09,10:15:00,15,7.48,7.54,7.47,7.5,4195000,31469360.0
2025-12-09 10:30:00,600110,2025-12-09,10:30:00,15,7.49,7.5,7.43,7.43,4176400,31120192.0
2025-12-09 10:45:00,600110,2025-12-09,10:45:00,15,7.43,7.51,7.43,7.49,2916000,21798816.0
2025-12-09 11:00:00,600110,2025-12-09,11:00:00,15,7.5,7.5,7.43,7.45,2990400,22282720.0
2025-12-09 11:15:00,600110,2025-12-09,11:15:00,15,7.45,7.53,7.44,7.52,4710300,35202688.0
2025-12-09 11:30:00,600110,2025-12-09,11:30:00,15,7.52,7.71,7.5,7.51,11515600,87611968.0
2025-12-09 13:15:00,600110,2025-12-09,13:15:00,15,7.51,7.51,7.42,7.43,6586100,49050880.0
2025-12-09 13:30:00,600110,2025-12-09,13:30:00,15,7.44,7.44,7.41,7.41,4485900,33302552.0
2025-12-09 13:45:00,600110,2025-12-09,13:45:00,15,7.42,7.44,7.41,7.42,2392200,17757184.0
2025-12-09 14:00:00,600110,2025-12-09,14:00:00,15,7.42,7.44,7.41,7.42,1795200,13326214.0
2025-12-09 14:15:00,600110,2025-12-09,14:15:00,15,7.43,7.45,7.41,7.41,2651000,19680189.0
2025-12-09 14:30:00,600110,2025-12-09,14:30:00,15,7.41,7.43,7.4,7.43,3767600,27917509.0
2025-12-09 14:45:00,600110,2025-12-09,14:45:00,15,7.43,7.43,7.41,7.43,2911900,21602817.0
2025-12-09 15:00:00,600110,2025-12-09,15:00:00,15,7.43,7.43,7.4,7.42,5289300,39200760.0
2025-12-10 09:45:00,600110,2025-12-10,09:45:00,15,7.35,7.37,7.11,7.12,27135700,195470128.0
2025-12-10 10:00:00,600110,2025-12-10,10:00:00,15,7.12,7.2,7.08,7.09,14862900,105846576.0
2025-12-10 10:15:00,600110,2025-12-10,10:15:00,15,7.08,7.13,7.05,7.1,10633600,75377824.0
2025-12-10 10:30:00,600110,2025-12-10,10:30:00,15,7.11,7.18,7.09,7.15,4747700,33826016.0
2025-12-10 10:45:00,600110,2025-12-10,10:45:00,15,7.15,7.23,7.13,7.23,5410100,38716544.0
2025-12-10 11:00:00,600110,2025-12-10,11:00:00,15,7.22,7.23,7.15,7.17,2985400,21458816.0
2025-12-10 11:15:00,600110,2025-12-10,11:15:00,15,7.17,7.17,7.13,7.14,2497700,17861280.0
2025-12-10 11:30:00,600110,2025-12-10,11:30:00,15,7.14,7.14,7.12,7.12,1695000,12079488.0
2025-12-10 13:15:00,600110,2025-12-10,13:15:00,15,7.12,7.13,7.08,7.09,5049900,35836512.0
2025-12-10 13:30:00,600110,2025-12-10,13:30:00,15,7.08,7.1,7.08,7.1,2603800,18464674.0
2025-12-10 13:45:00,600110,2025-12-10,13:45:00,15,7.1,7.14,7.1,7.12,1954700,13909818.0
2025-12-10 14:00:00,600110,2025-12-10,14:00:00,15,7.11,7.12,7.11,7.11,1800300,12806215.0
2025-12-10 14:15:00,600110,2025-12-10,14:15:00,15,7.11,7.17,7.1,7.15,3187500,22730109.0
2025-12-10 14:30:00,600110,2025-12-10,14:30:00,15,7.15,7.17,7.14,7.16,2798700,20027588.0
2025-12-10 14:45:00,600110,2025-12-10,14:45:00,15,7.17,7.19,7.15,7.15,4187800,30005120.0
2025-12-10 15:00:00,600110,2025-12-10,15:00:00,15,7.15,7.16,7.13,7.13,6528100,46584894.0
2025-12-11 09:45:00,600110,2025-12-11,09:45:00,15,7.15,7.2,7.11,7.18,11247600,80591088.0
2025-12-11 10:00:00,600110,2025-12-11,10:00:00,15,7.17,7.18,7.11,7.14,4752400,33963056.0
2025-12-11 10:15:00,600110,2025-12-11,10:15:00,15,7.13,7.13,7.07,7.08,5929500,42051616.0
2025-12-11 10:30:00,600110,2025-12-11,10:30:00,15,7.08,7.11,7.07,7.09,3463300,24535232.0
2025-12-11 10:45:00,600110,2025-12-11,10:45:00,15,7.09,7.11,7.07,7.1,3954300,28010944.0
2025-12-11 11:00:00,600110,2025-12-11,11:00:00,15,7.1,7.1,7.06,7.07,2368800,16751888.0
2025-12-11 11:15:00,600110,2025-12-11,11:15:00,15,7.07,7.08,7.05,7.06,2244800,15854816.0
2025-12-11 11:30:00,600110,2025-12-11,11:30:00,15,7.06,7.08,7.05,7.06,2852300,20136688.0
2025-12-11 13:15:00,600110,2025-12-11,13:15:00,15,7.06,7.06,7.03,7.04,2912300,20510400.0
2025-12-11 13:30:00,600110,2025-12-11,13:30:00,15,7.05,7.06,7.02,7.02,3411200,24004864.0
2025-12-11 13:45:00,600110,2025-12-11,13:45:00,15,7.03,7.03,6.98,6.99,6537600,45778144.0
2025-12-11 14:00:00,600110,2025-12-11,14:00:00,15,6.99,7.04,6.98,7.01,3813000,26747456.0
2025-12-11 14:15:00,600110,2025-12-11,14:15:00,15,7.01,7.04,7.01,7.02,1692400,11888192.0
2025-12-11 14:30:00,600110,2025-12-11,14:30:00,15,7.02,7.03,6.99,6.99,3019700,21134048.0
2025-12-11 14:45:00,600110,2025-12-11,14:45:00,15,7.0,7.02,6.99,6.99,3869900,27089856.0
2025-12-11 15:00:00,600110,2025-12-11,15:00:00,15,6.99,7.0,6.97,6.97,6203400,43318656.0
2025-12-12 09:45:00,600110,2025-12-12,09:45:00,15,6.97,7.02,6.88,6.91,11323300,78348648.0
2025-12-12 10:00:00,600110,2025-12-12,10:00:00,15,6.92,6.92,6.86,6.89,7356300,50604296.0
2025-12-12 10:15:00,600110,2025-12-12,10:15:00,15,6.88,6.96,6.88,6.95,5702300,39464864.0
2025-12-12 10:30:00,600110,2025-12-12,10:30:00,15,6.94,6.96,6.87,6.89,4823600,33302624.0
2025-12-12 10:45:00,600110,2025-12-12,10:45:00,15,6.89,6.92,6.87,6.91,2381300,16402704.0
2025-12-12 11:00:00,600110,2025-12-12,11:00:00,15,6.92,6.96,6.92,6.95,3560700,24708320.0
2025-12-12 11:15:00,600110,2025-12-12,11:15:00,15,6.95,6.99,6.93,6.95,2793500,19454720.0
2025-12-12 11:30:00,600110,2025-12-12,11:30:00,15,6.95,6.97,6.94,6.94,1470900,10222016.0
2025-12-12 13:15:00,600110,2025-12-12,13:15:00,15,6.95,6.95,6.92,6.94,1992200,13817984.0
2025-12-12 13:30:00,600110,2025-12-12,13:30:00,15,6.94,6.95,6.92,6.93,1654200,11467200.0
2025-12-12 13:45:00,600110,2025-12-12,13:45:00,15,6.94,6.96,6.93,6.95,1509600,10480960.0
2025-12-12 14:00:00,600110,2025-12-12,14:00:00,15,6.95,6.96,6.94,6.96,1183900,8227584.0
2025-12-12 14:15:00,600110,2025-12-12,14:15:00,15,6.95,6.99,6.95,6.98,4035300,28142400.0
2025-12-12 14:30:00,600110,2025-12-12,14:30:00,15,6.99,6.99,6.97,6.98,2047300,14288640.0
2025-12-12 14:45:00,600110,2025-12-12,14:45:00,15,6.98,6.98,6.94,6.94,3069200,21351264.0
2025-12-12 15:00:00,600110,2025-12-12,15:00:00,15,6.94,6.95,6.93,6.95,3260600,22625184.0
2025-12-15 09:45:00,600110,2025-12-15,09:45:00,15,6.82,6.87,6.77,6.8,12848900,87502888.0
2025-12-15 10:00:00,600110,2025-12-15,10:00:00,15,6.79,6.87,6.78,6.84,5433900,37031648.0
2025-12-15 10:15:00,600110,2025-12-15,10:15:00,15,6.85,6.88,6.83,6.84,2960800,20286136.0
2025-12-15 10:30:00,600110,2025-12-15,10:30:00,15,6.84,6.87,6.81,6.87,2358100,16117136.0
2025-12-15 10:45:00,600110,2025-12-15,10:45:00,15,6.87,6.87,6.85,6.86,1668500,11445040.0
2025-12-15 11:00:00,600110,2025-12-15,11:00:00,15,6.85,6.87,6.84,6.85,1924500,13183984.0
2025-12-15 11:15:00,600110,2025-12-15,11:15:00,15,6.85,6.85,6.82,6.83,1427700,9754672.0
2025-12-15 11:30:00,600110,2025-12-15,11:30:00,15,6.83,6.83,6.82,6.82,1428100,9748832.0
2025-12-15 13:15:00,600110,2025-12-15,13:15:00,15,6.83,6.86,6.82,6.85,1704500,11663168.0
2025-12-15 13:30:00,600110,2025-12-15,13:30:00,15,6.86,6.86,6.81,6.81,2315200,15809744.0
2025-12-15 13:45:00,600110,2025-12-15,13:45:00,15,6.81,6.81,6.8,6.81,1954300,13300544.0
2025-12-15 14:00:00,600110,2025-12-15,14:00:00,15,6.8,6.85,6.8,6.84,1486800,10151920.0
2025-12-15 14:15:00,600110,2025-12-15,14:15:00,15,6.85,6.86,6.81,6.81,1568300,10719936.0
2025-12-15 14:30:00,600110,2025-12-15,14:30:00,15,6.81,6.85,6.81,6.84,1702200,11623680.0
2025-12-15 14:45:00,600110,2025-12-15,14:45:00,15,6.85,6.85,6.82,6.83,2102400,14356384.0
2025-12-15 15:00:00,600110,2025-12-15,15:00:00,15,6.82,6.83,6.82,6.83,3373000,23023200.0
2025-12-16 09:45:00,600110,2025-12-16,09:45:00,15,6.78,6.78,6.62,6.69,12464000,83146952.0
2025-12-16 10:00:00,600110,2025-12-16,10:00:00,15,6.69,6.69,6.62,6.64,5479700,36397656.0
2025-12-16 10:15:00,600110,2025-12-16,10:15:00,15,6.63,6.63,6.56,6.58,9150100,60314752.0
2025-12-16 10:30:00,600110,2025-12-16,10:30:00,15,6.59,6.63,6.57,6.63,4300600,28375744.0
2025-12-16 10:45:00,600110,2025-12-16,10:45:00,15,6.62,6.63,6.56,6.58,2485300,16357040.0
2025-12-16 11:00:00,600110,2025-12-16,11:00:00,15,6.57,6.58,6.5,6.53,6654500,43428240.0
2025-12-16 11:15:00,600110,2025-12-16,11:15:00,15,6.54,6.54,6.51,6.52,2118500,13825152.0
2025-12-16 11:30:00,600110,2025-12-16,11:30:00,15,6.53,6.55,6.52,6.53,2100200,13717216.0
2025-12-16 13:15:00,600110,2025-12-16,13:15:00,15,6.52,6.56,6.52,6.55,2705700,17701600.0
2025-12-16 13:30:00,600110,2025-12-16,13:30:00,15,6.55,6.56,6.5,6.51,1823000,11885792.0
2025-12-16 13:45:00,600110,2025-12-16,13:45:00,15,6.51,6.6,6.51,6.6,2887400,18884736.0
2025-12-16 14:00:00,600110,2025-12-16,14:00:00,15,6.6,6.6,6.55,6.55,1970100,12955072.0
2025-12-16 14:15:00,600110,2025-12-16,14:15:00,15,6.56,6.59,6.55,6.57,1183000,7768224.0
2025-12-16 14:30:00,600110,2025-12-16,14:30:00,15,6.58,6.6,6.54,6.55,2200900,14464608.0
2025-12-16 14:45:00,600110,2025-12-16,14:45:00,15,6.55,6.57,6.54,6.55,2401000,15727296.0
2025-12-16 15:00:00,600110,2025-12-16,15:00:00,15,6.54,6.55,6.53,6.53,4648400,30377440.0
2025-12-17 09:45:00,600110,2025-12-17,09:45:00,15,6.5,6.64,6.5,6.6,10923700,72151504.0
2025-12-17 10:00:00,600110,2025-12-17,10:00:00,15,6.6,6.61,6.55,6.57,3618200,23802344.0
2025-12-17 10:15:00,600110,2025-12-17,10:15:00,15,6.58,6.62,6.55,6.62,2581600,16973008.0
2025-12-17 10:30:00,600110,2025-12-17,10:30:00,15,6.62,6.63,6.59,6.6,3783700,25007224.0
2025-12-17 10:45:00,600110,2025-12-17,10:45:00,15,6.6,6.6,6.55,6.57,2581400,16961968.0
2025-12-17 11:00:00,600110,2025-12-17,11:00:00,15,6.56,6.6,6.56,6.6,2328500,15332960.0
2025-12-17 11:15:00,600110,2025-12-17,11:15:00,15,6.59,6.62,6.59,6.6,1759400,11620992.0
2025-12-17 11:30:00,600110,2025-12-17,11:30:00,15,6.59,6.61,6.58,6.6,916200,6043616.0
2025-12-17 13:15:00,600110,2025-12-17,13:15:00,15,6.6,6.62,6.59,6.6,3103800,20518416.0
2025-12-17 13:30:00,600110,2025-12-17,13:30:00,15,6.6,6.6,6.57,6.59,1223400,8050160.0
2025-12-17 13:45:00,600110,2025-12-17,13:45:00,15,6.59,6.6,6.57,6.58,1310700,8625536.0
2025-12-17 14:00:00,600110,2025-12-17,14:00:00,15,6.59,6.63,6.59,6.63,3895200,25788784.0
2025-12-17 14:15:00,600110,2025-12-17,14:15:00,15,6.64,6.69,6.63,6.68,5291500,35229056.0
2025-12-17 14:30:00,600110,2025-12-17,14:30:00,15,6.69,6.69,6.67,6.68,3462700,23126272.0
2025-12-17 14:45:00,600110,2025-12-17,14:45:00,15,6.67,6.68,6.66,6.67,2346100,15647264.0
2025-12-17 15:00:00,600110,2025-12-17,15:00:00,15,6.66,6.67,6.66,6.67,4031000,26871552.0
2025-12-18 09:45:00,600110,2025-12-18,09:45:00,15,6.6,6.61,6.56,6.58,8270800,54431936.0
2025-12-18 10:00:00,600110,2025-12-18,10:00:00,15,6.59,6.63,6.58,6.62,3702600,24454032.0
2025-12-18 10:15:00,600110,2025-12-18,10:15:00,15,6.61,6.62,6.57,6.57,4862700,32031144.0
2025-12-18 10:30:00,600110,2025-12-18,10:30:00,15,6.57,6.58,6.56,6.58,3667300,24086920.0
2025-12-18 10:45:00,600110,2025-12-18,10:45:00,15,6.58,6.58,6.55,6.55,4683900,30737408.0
2025-12-18 11:00:00,600110,2025-12-18,11:00:00,15,6.55,6.56,6.54,6.56,1726800,11307408.0
2025-12-18 11:15:00,600110,2025-12-18,11:15:00,15,6.56,6.57,6.55,6.56,1350200,8857520.0
2025-12-18 11:30:00,600110,2025-12-18,11:30:00,15,6.56,6.61,6.56,6.58,1543500,10164400.0
2025-12-18 13:15:00,600110,2025-12-18,13:15:00,15,6.58,6.63,6.57,6.6,2480100,16362032.0
2025-12-18 13:30:00,600110,2025-12-18,13:30:00,15,6.6,6.61,6.58,6.58,852500,5618864.0
2025-12-18 13:45:00,600110,2025-12-18,13:45:00,15,6.58,6.59,6.53,6.54,4098500,26850560.0
2025-12-18 14:00:00,600110,2025-12-18,14:00:00,15,6.54,6.55,6.52,6.54,2665000,17419152.0
2025-12-18 14:15:00,600110,2025-12-18,14:15:00,15,6.54,6.55,6.53,6.54,1428000,9333792.0
2025-12-18 14:30:00,600110,2025-12-18,14:30:00,15,6.54,6.55,6.52,6.52,1733000,11318208.0
2025-12-18 14:45:00,600110,2025-12-18,14:45:00,15,6.54,6.54,6.53,6.53,1706600,11150720.0
2025-12-18 15:00:00,600110,2025-12-18,15:00:00,15,6.53,6.54,6.51,6.52,5111500,33342528.0
2025-12-19 09:45:00,600110,2025-12-19,09:45:00,15,6.54,6.6,6.53,6.53,4925800,32295436.0
2025-12-19 10:00:00,600110,2025-12-19,10:00:00,15,6.54,6.55,6.51,6.55,3629700,23697308.0
2025-12-19 10:15:00,600110,2025-12-19,10:15:00,15,6.54,6.61,6.53,6.59,4218600,27757704.0
2025-12-19 10:30:00,600110,2025-12-19,10:30:00,15,6.59,6.6,6.58,6.6,1594600,10511480.0
2025-12-19 10:45:00,600110,2025-12-19,10:45:00,15,6.59,6.63,6.59,6.61,3196200,21118096.0
2025-12-19 11:00:00,600110,2025-12-19,11:00:00,15,6.6,6.61,6.59,6.6,1673300,11039928.0
2025-12-19 11:15:00,600110,2025-12-19,11:15:00,15,6.6,6.61,6.58,6.61,1894800,12497008.0
2025-12-19 11:30:00,600110,2025-12-19,11:30:00,15,6.6,6.63,6.6,6.62,2162600,14302400.0
2025-12-19 13:15:00,600110,2025-12-19,13:15:00,15,6.62,6.72,6.62,6.7,8382900,55951440.0
2025-12-19 13:30:00,600110,2025-12-19,13:30:00,15,6.7,6.7,6.67,6.67,2872900,19198112.0
2025-12-19 13:45:00,600110,2025-12-19,13:45:00,15,6.66,6.72,6.66,6.71,3859700,25846320.0
2025-12-19 14:00:00,600110,2025-12-19,14:00:00,15,6.71,6.71,6.68,6.69,1703300,11412464.0
2025-12-19 14:15:00,600110,2025-12-19,14:15:00,15,6.68,6.7,6.67,6.67,1860400,12425488.0
2025-12-19 14:30:00,600110,2025-12-19,14:30:00,15,6.67,6.7,6.67,6.69,1640200,10964864.0
2025-12-19 14:45:00,600110,2025-12-19,14:45:00,15,6.69,6.69,6.67,6.68,1970700,13170720.0
2025-12-19 15:00:00,600110,2025-12-19,15:00:00,15,6.67,6.69,6.67,6.68,3553000,23726112.0
2025-12-22 09:45:00,600110,2025-12-22,09:45:00,15,6.69,6.75,6.65,6.75,7179000,48130668.0
2025-12-22 10:00:00,600110,2025-12-22,10:00:00,15,6.75,6.8,6.73,6.77,7043900,47676236.0
2025-12-22 10:15:00,600110,2025-12-22,10:15:00,15,6.77,6.79,6.74,6.75,3737400,25298704.0
2025-12-22 10:30:00,600110,2025-12-22,10:30:00,15,6.75,6.78,6.75,6.76,1931400,13064904.0
2025-12-22 10:45:00,600110,2025-12-22,10:45:00,15,6.77,6.78,6.74,6.75,3383000,22852240.0
2025-12-22 11:00:00,600110,2025-12-22,11:00:00,15,6.76,6.79,6.75,6.78,1935500,13109984.0
2025-12-22 11:15:00,600110,2025-12-22,11:15:00,15,6.78,6.79,6.77,6.78,1614000,10942240.0
2025-12-22 11:30:00,600110,2025-12-22,11:30:00,15,6.78,6.79,6.77,6.77,1137800,7712176.0
2025-12-22 13:15:00,600110,2025-12-22,13:15:00,15,6.77,6.79,6.75,6.76,2370400,16046240.0
2025-12-22 13:30:00,600110,2025-12-22,13:30:00,15,6.76,6.77,6.75,6.77,835200,5649328.0
2025-12-22 13:45:00,600110,2025-12-22,13:45:00,15,6.77,6.77,6.74,6.75,2153800,14543104.0
2025-12-22 14:00:00,600110,2025-12-22,14:00:00,15,6.75,6.76,6.74,6.75,1856900,12531856.0
2025-12-22 14:15:00,600110,2025-12-22,14:15:00,15,6.74,6.76,6.74,6.76,1123100,7583296.0
2025-12-22 14:30:00,600110,2025-12-22,14:30:00,15,6.75,6.76,6.75,6.75,1013100,6842672.0
2025-12-22 14:45:00,600110,2025-12-22,14:45:00,15,6.75,6.76,6.73,6.73,2678700,18052672.0
2025-12-22 15:00:00,600110,2025-12-22,15:00:00,15,6.74,6.74,6.73,6.73,2801900,18869152.0
2025-12-23 09:45:00,600110,2025-12-23,09:45:00,15,6.77,6.78,6.65,6.72,7998900,53691640.0
2025-12-23 10:00:00,600110,2025-12-23,10:00:00,15,6.73,6.77,6.68,6.77,3421400,23009088.0
2025-12-23 10:15:00,600110,2025-12-23,10:15:00,15,6.77,6.77,6.71,6.72,2120000,14281008.0
2025-12-23 10:30:00,600110,2025-12-23,10:30:00,15,6.71,6.76,6.7,6.75,3761100,25289408.0
2025-12-23 10:45:00,600110,2025-12-23,10:45:00,15,6.76,6.8,6.75,6.78,5207000,35282808.0
2025-12-23 11:00:00,600110,2025-12-23,11:00:00,15,6.78,6.92,6.77,6.89,11986800,82274768.0
2025-12-23 11:15:00,600110,2025-12-23,11:15:00,15,6.89,6.93,6.85,6.93,7498500,51782064.0
2025-12-23 11:30:00,600110,2025-12-23,11:30:00,15,6.93,6.94,6.91,6.94,3753000,25994976.0
2025-12-23 13:15:00,600110,2025-12-23,13:15:00,15,6.94,7.02,6.93,6.95,11852000,82674112.0
2025-12-23 13:30:00,600110,2025-12-23,13:30:00,15,6.95,7.02,6.91,7.01,6452700,44993728.0
2025-12-23 13:45:00,600110,2025-12-23,13:45:00,15,7.01,7.05,6.99,7.0,5864000,41156576.0
2025-12-23 14:00:00,600110,2025-12-23,14:00:00,15,7.0,7.01,6.96,6.97,2733800,19087424.0
2025-12-23 14:15:00,600110,2025-12-23,14:15:00,15,6.96,6.99,6.96,6.97,2710100,18899936.0
2025-12-23 14:30:00,600110,2025-12-23,14:30:00,15,6.97,6.98,6.93,6.94,3988800,27761914.0
2025-12-23 14:45:00,600110,2025-12-23,14:45:00,15,6.94,6.97,6.91,6.96,5430200,37657091.0
2025-12-23 15:00:00,600110,2025-12-23,15:00:00,15,6.96,7.03,6.96,7.03,12314400,86161347.0
2025-12-24 09:45:00,600110,2025-12-24,09:45:00,15,7.09,7.35,7.09,7.3,43681200,316397088.0
2025-12-24 10:00:00,600110,2025-12-24,10:00:00,15,7.29,7.35,7.27,7.35,18998600,138993632.0
2025-12-24 10:15:00,600110,2025-12-24,10:15:00,15,7.35,7.45,7.29,7.32,19313300,142551550.0
2025-12-24 10:30:00,600110,2025-12-24,10:30:00,15,7.32,7.36,7.3,7.34,4228800,30985031.0
2025-12-24 10:45:00,600110,2025-12-24,10:45:00,15,7.34,7.36,7.31,7.32,3194700,23414904.0
2025-12-24 11:00:00,600110,2025-12-24,11:00:00,15,7.32,7.33,7.28,7.28,4660500,34033219.0
2025-12-24 11:15:00,600110,2025-12-24,11:15:00,15,7.28,7.29,7.25,7.28,3577700,25997700.0
2025-12-24 11:30:00,600110,2025-12-24,11:30:00,15,7.28,7.28,7.22,7.22,3990900,28914676.0
2025-12-24 13:15:00,600110,2025-12-24,13:15:00,15,7.22,7.3,7.21,7.25,3712500,26909640.0
2025-12-24 13:30:00,600110,2025-12-24,13:30:00,15,7.25,7.3,7.24,7.29,1969800,14329656.0
2025-12-24 13:45:00,600110,2025-12-24,13:45:00,15,7.28,7.38,7.26,7.36,6096100,44656648.0
2025-12-24 14:00:00,600110,2025-12-24,14:00:00,15,7.37,7.4,7.32,7.33,5493100,40497664.0
2025-12-24 14:15:00,600110,2025-12-24,14:15:00,15,7.33,7.39,7.33,7.38,4820300,35456192.0
2025-12-24 14:30:00,600110,2025-12-24,14:30:00,15,7.37,7.53,7.37,7.52,18576400,138369600.0
2025-12-24 14:45:00,600110,2025-12-24,14:45:00,15,7.53,7.53,7.46,7.47,7624100,57006592.0
2025-12-24 15:00:00,600110,2025-12-24,15:00:00,15,7.47,7.48,7.45,7.48,10944100,81726464.0
2025-12-25 09:45:00,600110,2025-12-25,09:45:00,15,7.44,7.44,7.19,7.28,31836400,231251248.0
2025-12-25 10:00:00,600110,2025-12-25,10:00:00,15,7.28,7.28,7.21,7.21,10318700,74644848.0
2025-12-25 10:15:00,600110,2025-12-25,10:15:00,15,7.21,7.22,7.18,7.2,10111900,72756544.0
2025-12-25 10:30:00,600110,2025-12-25,10:30:00,15,7.2,7.26,7.19,7.24,4926600,35605536.0
2025-12-25 10:45:00,600110,2025-12-25,10:45:00,15,7.23,7.32,7.23,7.32,6232800,45353472.0
2025-12-25 11:00:00,600110,2025-12-25,11:00:00,15,7.31,7.37,7.31,7.35,4933100,36235936.0
2025-12-25 11:15:00,600110,2025-12-25,11:15:00,15,7.35,7.37,7.33,7.36,3136600,23066912.0
2025-12-25 11:30:00,600110,2025-12-25,11:30:00,15,7.35,7.36,7.34,7.35,2357600,17328903.0
2025-12-25 13:15:00,600110,2025-12-25,13:15:00,15,7.35,7.35,7.3,7.31,3496600,25585657.0
2025-12-25 13:30:00,600110,2025-12-25,13:30:00,15,7.31,7.34,7.31,7.34,1869400,13696442.0
2025-12-25 13:45:00,600110,2025-12-25,13:45:00,15,7.33,7.34,7.29,7.31,2494200,18237704.0
2025-12-25 14:00:00,600110,2025-12-25,14:00:00,15,7.32,7.36,7.3,7.35,3483400,25534718.0
2025-12-25 14:15:00,600110,2025-12-25,14:15:00,15,7.36,7.37,7.34,7.35,1969400,14482055.0
2025-12-25 14:30:00,600110,2025-12-25,14:30:00,15,7.35,7.37,7.34,7.37,3527800,25935161.0
2025-12-25 14:45:00,600110,2025-12-25,14:45:00,15,7.37,7.37,7.34,7.35,3436400,25259333.0
2025-12-25 15:00:00,600110,2025-12-25,15:00:00,15,7.36,7.36,7.34,7.34,6021900,44233717.0
2025-12-26 09:45:00,600110,2025-12-26,09:45:00,15,7.4,7.46,7.37,7.37,16520700,122659296.0
2025-12-26 10:00:00,600110,2025-12-26,10:00:00,15,7.37,7.4,7.3,7.33,8957600,65773088.0
2025-12-26 10:15:00,600110,2025-12-26,10:15:00,15,7.33,7.39,7.3,7.33,4587000,33686480.0
2025-12-26 10:30:00,600110,2025-12-26,10:30:00,15,7.33,7.37,7.32,7.35,3443600,25299248.0
2025-12-26 10:45:00,600110,2025-12-26,10:45:00,15,7.35,7.44,7.35,7.41,5857300,43361600.0
2025-12-26 11:00:00,600110,2025-12-26,11:00:00,15,7.4,7.45,7.4,7.43,4547800,33779296.0
2025-12-26 11:15:00,600110,2025-12-26,11:15:00,15,7.43,7.5,7.41,7.46,11834900,88422560.0
2025-12-26 11:30:00,600110,2025-12-26,11:30:00,15,7.46,7.47,7.32,7.39,8519300,62894816.0
2025-12-26 13:15:00,600110,2025-12-26,13:15:00,15,7.39,7.39,7.34,7.37,3816300,28128672.0
2025-12-26 13:30:00,600110,2025-12-26,13:30:00,15,7.37,7.45,7.37,7.42,3309400,24555360.0
2025-12-26 13:45:00,600110,2025-12-26,13:45:00,15,7.42,7.47,7.41,7.44,3807200,28344671.0
2025-12-26 14:00:00,600110,2025-12-26,14:00:00,15,7.44,7.44,7.41,7.42,1765200,13103612.0
2025-12-26 14:15:00,600110,2025-12-26,14:15:00,15,7.42,7.44,7.4,7.41,2736200,20305864.0
2025-12-26 14:30:00,600110,2025-12-26,14:30:00,15,7.41,7.42,7.36,7.38,3916900,28918589.0
2025-12-26 14:45:00,600110,2025-12-26,14:45:00,15,7.38,7.39,7.36,7.38,4612000,34013180.0
2025-12-26 15:00:00,600110,2025-12-26,15:00:00,15,7.39,7.41,7.38,7.39,5719400,42285824.0
2025-12-29 09:45:00,600110,2025-12-29,09:45:00,15,7.41,7.41,7.28,7.28,15171700,111525056.0
2025-12-29 10:00:00,600110,2025-12-29,10:00:00,15,7.28,7.34,7.24,7.34,10715000,77933504.0
2025-12-29 10:15:00,600110,2025-12-29,10:15:00,15,7.34,7.37,7.3,7.33,4298600,31546384.0
2025-12-29 10:30:00,600110,2025-12-29,10:30:00,15,7.34,7.34,7.27,7.29,3532800,25785824.0
2025-12-29 10:45:00,600110,2025-12-29,10:45:00,15,7.29,7.31,7.26,7.3,2819000,20537760.0
2025-12-29 11:00:00,600110,2025-12-29,11:00:00,15,7.3,7.31,7.28,7.29,1955400,14257584.0
2025-12-29 11:15:00,600110,2025-12-29,11:15:00,15,7.29,7.3,7.28,7.29,1852200,13505408.0
2025-12-29 11:30:00,600110,2025-12-29,11:30:00,15,7.29,7.3,7.27,7.27,1713900,12485280.0
2025-12-29 13:15:00,600110,2025-12-29,13:15:00,15,7.28,7.28,7.25,7.26,2800700,20345952.0
2025-12-29 13:30:00,600110,2025-12-29,13:30:00,15,7.27,7.27,7.25,7.26,1626500,11811936.0
2025-12-29 13:45:00,600110,2025-12-29,13:45:00,15,7.28,7.29,7.27,7.27,1440700,10484256.0
2025-12-29 14:00:00,600110,2025-12-29,14:00:00,15,7.27,7.29,7.25,7.26,2185300,15884864.0
2025-12-29 14:15:00,600110,2025-12-29,14:15:00,15,7.26,7.27,7.2,7.22,9262900,66911008.0
2025-12-29 14:30:00,600110,2025-12-29,14:30:00,15,7.22,7.23,7.2,7.2,4560900,32892608.0
2025-12-29 14:45:00,600110,2025-12-29,14:45:00,15,7.2,7.23,7.18,7.23,6031000,43403840.0
2025-12-29 15:00:00,600110,2025-12-29,15:00:00,15,7.23,7.23,7.21,7.22,4672900,33721048.0
2025-12-30 09:45:00,600110,2025-12-30,09:45:00,15,7.15,7.15,7.05,7.06,15062700,107078424.0
2025-12-30 10:00:00,600110,2025-12-30,10:00:00,15,7.06,7.12,7.02,7.1,8153400,57607784.0
2025-12-30 10:15:00,600110,2025-12-30,10:15:00,15,7.09,7.13,7.08,7.13,3598300,25579104.0
2025-12-30 10:30:00,600110,2025-12-30,10:30:00,15,7.12,7.15,7.1,7.14,2932200,20894752.0
2025-12-30 10:45:00,600110,2025-12-30,10:45:00,15,7.14,7.17,7.11,7.17,2403300,17141264.0
2025-12-30 11:00:00,600110,2025-12-30,11:00:00,15,7.17,7.22,7.16,7.19,2876700,20665664.0
2025-12-30 11:15:00,600110,2025-12-30,11:15:00,15,7.19,7.21,7.15,7.15,3481300,24979600.0
2025-12-30 11:30:00,600110,2025-12-30,11:30:00,15,7.15,7.24,7.15,7.22,3883000,27942016.0
2025-12-30 13:15:00,600110,2025-12-30,13:15:00,15,7.22,7.25,7.19,7.22,3885600,28072768.0
2025-12-30 13:30:00,600110,2025-12-30,13:30:00,15,7.22,7.27,7.22,7.24,4637100,33650976.0
2025-12-30 13:45:00,600110,2025-12-30,13:45:00,15,7.24,7.25,7.21,7.23,1949600,14098208.0
2025-12-30 14:00:00,600110,2025-12-30,14:00:00,15,7.23,7.27,7.21,7.21,2657400,19240512.0
2025-12-30 14:15:00,600110,2025-12-30,14:15:00,15,7.21,7.23,7.2,7.21,1589100,11459840.0
2025-12-30 14:30:00,600110,2025-12-30,14:30:00,15,7.22,7.22,7.19,7.2,1340400,9655104.0
2025-12-30 14:45:00,600110,2025-12-30,14:45:00,15,7.2,7.2,7.17,7.19,3595900,25837248.0
2025-12-30 15:00:00,600110,2025-12-30,15:00:00,15,7.18,7.19,7.17,7.18,3640600,26135328.0
2025-12-31 09:45:00,600110,2025-12-31,09:45:00,15,7.15,7.23,7.11,7.11,6772100,48404576.0
2025-12-31 10:00:00,600110,2025-12-31,10:00:00,15,7.11,7.17,7.11,7.12,4378600,31227376.0
2025-12-31 10:15:00,600110,2025-12-31,10:15:00,15,7.12,7.16,7.11,7.15,1911400,13626184.0
2025-12-31 10:30:00,600110,2025-12-31,10:30:00,15,7.14,7.22,7.13,7.16,3487900,25031336.0
2025-12-31 10:45:00,600110,2025-12-31,10:45:00,15,7.16,7.17,7.12,7.12,2785800,19874448.0
2025-12-31 11:00:00,600110,2025-12-31,11:00:00,15,7.12,7.14,7.11,7.12,2282800,16255872.0
2025-12-31 11:15:00,600110,2025-12-31,11:15:00,15,7.12,7.14,7.11,7.13,1659200,11817728.0
2025-12-31 11:30:00,600110,2025-12-31,11:30:00,15,7.13,7.14,7.12,7.14,1345500,9593568.0
2025-12-31 13:15:00,600110,2025-12-31,13:15:00,15,7.13,7.14,7.08,7.11,4616400,32766272.0
2025-12-31 13:30:00,600110,2025-12-31,13:30:00,15,7.11,7.12,7.09,7.09,4087400,29021456.0
2025-12-31 13:45:00,600110,2025-12-31,13:45:00,15,7.09,7.1,7.08,7.09,1787400,12673584.0
2025-12-31 14:00:00,600110,2025-12-31,14:00:00,15,7.09,7.1,7.08,7.08,2363800,16742544.0
2025-12-31 14:15:00,600110,2025-12-31,14:15:00,15,7.09,7.12,7.07,7.12,2692000,19108832.0
2025-12-31 14:30:00,600110,2025-12-31,14:30:00,15,7.12,7.12,7.1,7.11,976200,6939456.0
2025-12-31 14:45:00,600110,2025-12-31,14:45:00,15,7.11,7.11,7.08,7.1,1876700,13315264.0
2025-12-31 15:00:00,600110,2025-12-31,15:00:00,15,7.09,7.1,7.08,7.09,3969900,28141728.0
2026-01-05 09:45:00,600110,2026-01-05,09:45:00,15,7.14,7.36,7.09,7.24,21207694,154327260.0
2026-01-05 10:00:00,600110,2026-01-05,10:00:00,15,7.26,7.49,7.25,7.42,21003811,155518494.0
2026-01-05 10:15:00,600110,2026-01-05,10:15:00,15,7.42,7.43,7.36,7.37,5863900,43365744.0
2026-01-05 10:30:00,600110,2026-01-05,10:30:00,15,7.37,7.44,7.36,7.39,4320500,31969595.0
2026-01-05 10:45:00,600110,2026-01-05,10:45:00,15,7.39,7.42,7.36,7.39,3044500,22508904.0
2026-01-05 11:00:00,600110,2026-01-05,11:00:00,15,7.39,7.44,7.39,7.42,3619800,26856320.0
2026-01-05 11:15:00,600110,2026-01-05,11:15:00,15,7.42,7.48,7.4,7.45,6028281,44860634.0
2026-01-05 11:30:00,600110,2026-01-05,11:30:00,15,7.45,7.47,7.42,7.43,2660700,19819172.0
2026-01-05 13:15:00,600110,2026-01-05,13:15:00,15,7.43,7.44,7.38,7.39,2570800,19036182.0
2026-01-05 13:30:00,600110,2026-01-05,13:30:00,15,7.39,7.4,7.37,7.39,1878100,13860222.0
2026-01-05 13:45:00,600110,2026-01-05,13:45:00,15,7.38,7.45,7.38,7.43,3107000,23057578.0
2026-01-05 14:00:00,600110,2026-01-05,14:00:00,15,7.43,7.44,7.41,7.43,1769900,13147821.0
2026-01-05 14:15:00,600110,2026-01-05,14:15:00,15,7.43,7.44,7.4,7.43,2748500,20400816.0
2026-01-05 14:30:00,600110,2026-01-05,14:30:00,15,7.43,7.45,7.43,7.43,3313200,24645406.0
2026-01-05 14:45:00,600110,2026-01-05,14:45:00,15,7.44,7.44,7.4,7.41,4921000,36486475.0
2026-01-05 15:00:00,600110,2026-01-05,15:00:00,15,7.42,7.43,7.41,7.42,6019700,44678304.0
2026-01-06 09:45:00,600110,2026-01-06,09:45:00,15,7.42,7.5,7.4,7.47,13846700,103278399.0
2026-01-06 10:00:00,600110,2026-01-06,10:00:00,15,7.47,7.52,7.46,7.46,9125253,68310564.0
2026-01-06 10:15:00,600110,2026-01-06,10:15:00,15,7.46,7.5,7.44,7.45,5148200,38419508.0
2026-01-06 10:30:00,600110,2026-01-06,10:30:00,15,7.45,7.47,7.41,7.42,5857200,43586383.0
2026-01-06 10:45:00,600110,2026-01-06,10:45:00,15,7.41,7.47,7.41,7.42,5175900,38475915.0
2026-01-06 11:00:00,600110,2026-01-06,11:00:00,15,7.43,7.45,7.42,7.45,3341500,24845466.0
2026-01-06 11:15:00,600110,2026-01-06,11:15:00,15,7.45,7.45,7.43,7.44,1783500,13268852.0
2026-01-06 11:30:00,600110,2026-01-06,11:30:00,15,7.44,7.44,7.42,7.43,1614700,12003501.0
2026-01-06 13:15:00,600110,2026-01-06,13:15:00,15,7.43,7.47,7.42,7.42,2914801,21684721.0
2026-01-06 13:30:00,600110,2026-01-06,13:30:00,15,7.42,7.45,7.41,7.42,4214100,31295963.0
2026-01-06 13:45:00,600110,2026-01-06,13:45:00,15,7.42,7.46,7.41,7.41,5653838,42011983.0
2026-01-06 14:00:00,600110,2026-01-06,14:00:00,15,7.41,7.41,7.39,7.39,5042200,37287684.0
2026-01-06 14:15:00,600110,2026-01-06,14:15:00,15,7.39,7.41,7.39,7.41,2704900,20026781.0
2026-01-06 14:30:00,600110,2026-01-06,14:30:00,15,7.4,7.5,7.4,7.47,8309029,61979355.0
2026-01-06 14:45:00,600110,2026-01-06,14:45:00,15,7.47,7.48,7.43,7.44,3455200,25735720.0
2026-01-06 15:00:00,600110,2026-01-06,15:00:00,15,7.43,7.44,7.42,7.44,4975601,36991178.0
2026-01-07 09:45:00,600110,2026-01-07,09:45:00,15,7.4,7.54,7.38,7.45,12230400,91243163.0
2026-01-07 10:00:00,600110,2026-01-07,10:00:00,15,7.45,7.52,7.44,7.48,6846187,51258503.0
2026-01-07 10:15:00,600110,2026-01-07,10:15:00,15,7.49,7.49,7.4,7.45,8577000,63828230.0
2026-01-07 10:30:00,600110,2026-01-07,10:30:00,15,7.46,7.47,7.41,7.42,3535500,26269847.0
2026-01-07 10:45:00,600110,2026-01-07,10:45:00,15,7.43,7.47,7.42,7.47,2607600,19418240.0
2026-01-07 11:00:00,600110,2026-01-07,11:00:00,15,7.47,7.49,7.45,7.46,3988200,29804005.0
2026-01-07 11:15:00,600110,2026-01-07,11:15:00,15,7.46,7.48,7.46,7.47,2018800,15084881.0
2026-01-07 11:30:00,600110,2026-01-07,11:30:00,15,7.48,7.54,7.47,7.51,7473069,56098165.0
2026-01-07 13:15:00,600110,2026-01-07,13:15:00,15,7.51,7.52,7.47,7.48,3088000,23122515.0
2026-01-07 13:30:00,600110,2026-01-07,13:30:00,15,7.48,7.49,7.43,7.43,3349700,24979692.0
2026-01-07 13:45:00,600110,2026-01-07,13:45:00,15,7.44,7.46,7.4,7.4,4869300,36164756.0
2026-01-07 14:00:00,600110,2026-01-07,14:00:00,15,7.41,7.43,7.4,7.43,2123000,15739515.0
2026-01-07 14:15:00,600110,2026-01-07,14:15:00,15,7.43,7.46,7.43,7.45,3188800,23730156.0
2026-01-07 14:30:00,600110,2026-01-07,14:30:00,15,7.45,7.46,7.44,7.46,1577400,11756831.0
2026-01-07 14:45:00,600110,2026-01-07,14:45:00,15,7.45,7.46,7.42,7.42,2910100,21634961.0
2026-01-07 15:00:00,600110,2026-01-07,15:00:00,15,7.42,7.46,7.42,7.46,5601200,41696322.0
2026-01-08 09:45:00,600110,2026-01-08,09:45:00,15,7.45,7.46,7.39,7.46,8791663,65217917.0
2026-01-08 10:00:00,600110,2026-01-08,10:00:00,15,7.46,7.53,7.44,7.49,8904001,66683340.0
2026-01-08 10:15:00,600110,2026-01-08,10:15:00,15,7.5,7.6,7.49,7.53,10708600,80816499.0
2026-01-08 10:30:00,600110,2026-01-08,10:30:00,15,7.54,7.55,7.51,7.53,3137200,23629472.0
2026-01-08 10:45:00,600110,2026-01-08,10:45:00,15,7.52,7.53,7.49,7.51,3971018,29798810.0
2026-01-08 11:00:00,600110,2026-01-08,11:00:00,15,7.5,7.53,7.5,7.52,2483500,18670262.0
2026-01-08 11:15:00,600110,2026-01-08,11:15:00,15,7.52,7.53,7.47,7.48,4009200,30054490.0
2026-01-08 11:30:00,600110,2026-01-08,11:30:00,15,7.48,7.51,7.47,7.51,1662120,12440154.0
2026-01-08 13:15:00,600110,2026-01-08,13:15:00,15,7.51,7.52,7.49,7.5,2168280,16273473.0
2026-01-08 13:30:00,600110,2026-01-08,13:30:00,15,7.5,7.51,7.49,7.49,1858201,13933180.0
2026-01-08 13:45:00,600110,2026-01-08,13:45:00,15,7.5,7.52,7.47,7.49,3572300,26760955.0
2026-01-08 14:00:00,600110,2026-01-08,14:00:00,15,7.49,7.54,7.48,7.53,2965400,22268598.0
2026-01-08 14:15:00,600110,2026-01-08,14:15:00,15,7.53,7.54,7.47,7.47,3584600,26919532.0
2026-01-08 14:30:00,600110,2026-01-08,14:30:00,15,7.47,7.52,7.46,7.51,2875700,21546849.0
2026-01-08 14:45:00,600110,2026-01-08,14:45:00,15,7.51,7.53,7.51,7.51,2912100,21899460.0
2026-01-08 15:00:00,600110,2026-01-08,15:00:00,15,7.52,7.54,7.51,7.54,9237900,69542681.0
2026-01-09 09:45:00,600110,2026-01-09,09:45:00,15,7.51,7.53,7.44,7.48,11174947,83589119.0
2026-01-09 10:00:00,600110,2026-01-09,10:00:00,15,7.48,7.53,7.48,7.52,6772935,50769719.0
2026-01-09 10:15:00,600110,2026-01-09,10:15:00,15,7.52,7.55,7.51,7.53,4331100,32612632.0
2026-01-09 10:30:00,600110,2026-01-09,10:30:00,15,7.53,7.57,7.53,7.54,5182200,39140020.0
2026-01-09 10:45:00,600110,2026-01-09,10:45:00,15,7.54,7.55,7.53,7.53,3683985,27772847.0
2026-01-09 11:00:00,600110,2026-01-09,11:00:00,15,7.53,7.57,7.52,7.54,5925400,44732878.0
2026-01-09 11:15:00,600110,2026-01-09,11:15:00,15,7.54,7.54,7.46,7.48,5859800,43915850.0
2026-01-09 11:30:00,600110,2026-01-09,11:30:00,15,7.48,7.51,7.46,7.47,4959000,37088705.0
2026-01-09 13:15:00,600110,2026-01-09,13:15:00,15,7.46,7.48,7.44,7.46,4336000,32323460.0
2026-01-09 13:30:00,600110,2026-01-09,13:30:00,15,7.46,7.47,7.43,7.47,3814500,28408700.0
2026-01-09 13:45:00,600110,2026-01-09,13:45:00,15,7.47,7.48,7.45,7.46,1552177,11585409.0
2026-01-09 14:00:00,600110,2026-01-09,14:00:00,15,7.46,7.51,7.46,7.5,2737701,20472791.0
2026-01-09 14:15:00,600110,2026-01-09,14:15:00,15,7.5,7.51,7.47,7.48,1772200,13265742.0
2026-01-09 14:30:00,600110,2026-01-09,14:30:00,15,7.49,7.49,7.47,7.49,2988900,22354983.0
2026-01-09 14:45:00,600110,2026-01-09,14:45:00,15,7.48,7.5,7.48,7.49,4149201,31065125.0
2026-01-09 15:00:00,600110,2026-01-09,15:00:00,15,7.48,7.49,7.47,7.48,6549861,49000639.0
2026-01-12 09:45:00,600110,2026-01-12,09:45:00,15,7.45,7.48,7.36,7.36,19198237,142341576.0
2026-01-12 10:00:00,600110,2026-01-12,10:00:00,15,7.36,7.44,7.36,7.42,8105690,59932750.0
2026-01-12 10:15:00,600110,2026-01-12,10:15:00,15,7.41,7.47,7.39,7.46,6339500,47076633.0
2026-01-12 10:30:00,600110,2026-01-12,10:30:00,15,7.46,7.47,7.42,7.42,3374700,25138982.0
2026-01-12 10:45:00,600110,2026-01-12,10:45:00,15,7.43,7.46,7.41,7.44,3547800,26367130.0
2026-01-12 11:00:00,600110,2026-01-12,11:00:00,15,7.46,7.48,7.44,7.46,3761800,28059884.0
2026-01-12 11:15:00,600110,2026-01-12,11:15:00,15,7.47,7.47,7.45,7.47,2990200,22303612.0
2026-01-12 11:30:00,600110,2026-01-12,11:30:00,15,7.47,7.49,7.47,7.49,2973700,22250449.0
2026-01-12 13:15:00,600110,2026-01-12,13:15:00,15,7.49,7.65,7.49,7.54,16653500,126395532.0
2026-01-12 13:30:00,600110,2026-01-12,13:30:00,15,7.54,7.57,7.52,7.56,3224600,24329903.0
2026-01-12 13:45:00,600110,2026-01-12,13:45:00,15,7.55,7.57,7.54,7.55,2423000,18299569.0
2026-01-12 14:00:00,600110,2026-01-12,14:00:00,15,7.55,7.57,7.54,7.57,2784585,21042712.0
2026-01-12 14:15:00,600110,2026-01-12,14:15:00,15,7.57,7.59,7.56,7.59,2849250,21600748.0
2026-01-12 14:30:00,600110,2026-01-12,14:30:00,15,7.59,7.59,7.57,7.57,3168189,24006786.0
2026-01-12 14:45:00,600110,2026-01-12,14:45:00,15,7.58,7.58,7.56,7.58,5024211,38031597.0
2026-01-12 15:00:00,600110,2026-01-12,15:00:00,15,7.58,7.59,7.57,7.59,6111478,46324413.0
2026-01-13 09:45:00,600110,2026-01-13,09:45:00,15,7.6,7.66,7.47,7.5,14999600,113140058.0
2026-01-13 10:00:00,600110,2026-01-13,10:00:00,15,7.5,7.52,7.42,7.48,7803100,58306905.0
2026-01-13 10:15:00,600110,2026-01-13,10:15:00,15,7.48,7.57,7.46,7.5,4359600,32802045.0
2026-01-13 10:30:00,600110,2026-01-13,10:30:00,15,7.5,7.5,7.47,7.47,1957001,14635708.0
2026-01-13 10:45:00,600110,2026-01-13,10:45:00,15,7.48,7.49,7.44,7.48,3640810,27141972.0
2026-01-13 11:00:00,600110,2026-01-13,11:00:00,15,7.49,7.54,7.48,7.5,3099800,23275509.0
2026-01-13 11:15:00,600110,2026-01-13,11:15:00,15,7.51,7.58,7.5,7.55,3646047,27537402.0
2026-01-13 11:30:00,600110,2026-01-13,11:30:00,15,7.55,7.56,7.49,7.5,1951600,14704222.0
2026-01-13 13:15:00,600110,2026-01-13,13:15:00,15,7.5,7.51,7.45,7.46,3712100,27737673.0
2026-01-13 13:30:00,600110,2026-01-13,13:30:00,15,7.46,7.47,7.45,7.46,2462400,18362685.0
2026-01-13 13:45:00,600110,2026-01-13,13:45:00,15,7.47,7.47,7.43,7.46,2522600,18777688.0
2026-01-13 14:00:00,600110,2026-01-13,14:00:00,15,7.46,7.52,7.46,7.5,2123600,15916664.0
2026-01-13 14:15:00,600110,2026-01-13,14:15:00,15,7.5,7.51,7.44,7.45,2552000,19066305.0
2026-01-13 14:30:00,600110,2026-01-13,14:30:00,15,7.45,7.45,7.43,7.43,2511800,18686483.0
2026-01-13 14:45:00,600110,2026-01-13,14:45:00,15,7.43,7.45,7.39,7.4,5056500,37498124.0
2026-01-13 15:00:00,600110,2026-01-13,15:00:00,15,7.4,7.41,7.37,7.39,6863320,50724614.0
2026-01-14 09:45:00,600110,2026-01-14,09:45:00,15,7.44,7.46,7.37,7.46,8263200,61267183.0
2026-01-14 10:00:00,600110,2026-01-14,10:00:00,15,7.46,7.52,7.44,7.52,6248300,46719741.0
2026-01-14 10:15:00,600110,2026-01-14,10:15:00,15,7.51,7.54,7.49,7.51,4994500,37526150.0
2026-01-14 10:30:00,600110,2026-01-14,10:30:00,15,7.51,7.58,7.5,7.57,6900211,52065294.0
2026-01-14 10:45:00,600110,2026-01-14,10:45:00,15,7.57,7.59,7.55,7.55,4069300,30804809.0
2026-01-14 11:00:00,600110,2026-01-14,11:00:00,15,7.55,7.56,7.53,7.55,2397200,18091480.0
2026-01-14 11:15:00,600110,2026-01-14,11:15:00,15,7.55,7.56,7.52,7.52,2505800,18895629.0
2026-01-14 11:30:00,600110,2026-01-14,11:30:00,15,7.53,7.54,7.5,7.54,2746100,20649129.0
2026-01-14 13:15:00,600110,2026-01-14,13:15:00,15,7.54,7.54,7.4,7.4,9158300,68344393.0
2026-01-14 13:30:00,600110,2026-01-14,13:30:00,15,7.41,7.42,7.35,7.41,8436600,62270073.0
2026-01-14 13:45:00,600110,2026-01-14,13:45:00,15,7.41,7.44,7.38,7.39,2947900,21815195.0
2026-01-14 14:00:00,600110,2026-01-14,14:00:00,15,7.38,7.39,7.3,7.31,5575700,40964771.0
2026-01-14 14:15:00,600110,2026-01-14,14:15:00,15,7.31,7.38,7.27,7.37,5945000,43430615.0
2026-01-14 14:30:00,600110,2026-01-14,14:30:00,15,7.37,7.44,7.37,7.42,3038294,22483255.0
2026-01-14 14:45:00,600110,2026-01-14,14:45:00,15,7.42,7.44,7.38,7.38,2065200,15282640.0
2026-01-14 15:00:00,600110,2026-01-14,15:00:00,15,7.38,7.4,7.37,7.39,3450400,25474196.0
2026-01-15 09:45:00,600110,2026-01-15,09:45:00,15,7.34,7.49,7.29,7.4,10744244,79671560.0
2026-01-15 10:00:00,600110,2026-01-15,10:00:00,15,7.39,7.5,7.37,7.49,7841300,58425384.0
2026-01-15 10:15:00,600110,2026-01-15,10:15:00,15,7.49,7.49,7.42,7.42,3892000,29042013.0
2026-01-15 10:30:00,600110,2026-01-15,10:30:00,15,7.43,7.46,7.41,7.44,3028548,22510881.0
2026-01-15 10:45:00,600110,2026-01-15,10:45:00,15,7.44,7.46,7.41,7.43,2560452,19042737.0
2026-01-15 11:00:00,600110,2026-01-15,11:00:00,15,7.43,7.45,7.39,7.39,3072000,22767241.0
2026-01-15 11:15:00,600110,2026-01-15,11:15:00,15,7.39,7.42,7.38,7.4,1358900,10056922.0
2026-01-15 11:30:00,600110,2026-01-15,11:30:00,15,7.39,7.4,7.35,7.36,2330960,17185384.0
2026-01-15 13:15:00,600110,2026-01-15,13:15:00,15,7.36,7.38,7.33,7.38,2852700,20998702.0
2026-01-15 13:30:00,600110,2026-01-15,13:30:00,15,7.37,7.39,7.34,7.38,2348100,17283280.0
2026-01-15 13:45:00,600110,2026-01-15,13:45:00,15,7.38,7.41,7.34,7.36,2706100,19923163.0
2026-01-15 14:00:00,600110,2026-01-15,14:00:00,15,7.35,7.4,7.35,7.39,1475600,10885170.0
2026-01-15 14:15:00,600110,2026-01-15,14:15:00,15,7.39,7.39,7.34,7.36,1812400,13347757.0
2026-01-15 14:30:00,600110,2026-01-15,14:30:00,15,7.35,7.43,7.34,7.4,2424900,17905985.0
2026-01-15 14:45:00,600110,2026-01-15,14:45:00,15,7.41,7.42,7.38,7.4,2288100,16929044.0
2026-01-15 15:00:00,600110,2026-01-15,15:00:00,15,7.41,7.41,7.4,7.41,2682400,19862162.0
2026-01-16 09:45:00,600110,2026-01-16,09:45:00,15,7.47,7.48,7.38,7.41,9151200,68053886.0
2026-01-16 10:00:00,600110,2026-01-16,10:00:00,15,7.42,7.43,7.33,7.34,7746300,57131169.0
2026-01-16 10:15:00,600110,2026-01-16,10:15:00,15,7.35,7.35,7.28,7.3,9567400,69922615.0
2026-01-16 10:30:00,600110,2026-01-16,10:30:00,15,7.3,7.3,7.21,7.21,9578800,69525901.0
2026-01-16 10:45:00,600110,2026-01-16,10:45:00,15,7.22,7.26,7.21,7.25,3852575,27865728.0
2026-01-16 11:00:00,600110,2026-01-16,11:00:00,15,7.24,7.26,7.2,7.24,3571825,25793365.0
2026-01-16 11:15:00,600110,2026-01-16,11:15:00,15,7.24,7.3,7.23,7.24,1689600,12282787.0
2026-01-16 11:30:00,600110,2026-01-16,11:30:00,15,7.24,7.26,7.21,7.21,2924500,21157603.0
2026-01-16 13:15:00,600110,2026-01-16,13:15:00,15,7.22,7.26,7.22,7.24,2816300,20356411.0
2026-01-16 13:30:00,600110,2026-01-16,13:30:00,15,7.24,7.3,7.23,7.29,2529400,18385603.0
2026-01-16 13:45:00,600110,2026-01-16,13:45:00,15,7.28,7.31,7.27,7.28,2300600,16774514.0
2026-01-16 14:00:00,600110,2026-01-16,14:00:00,15,7.28,7.34,7.28,7.33,3105200,22719595.0
2026-01-16 14:15:00,600110,2026-01-16,14:15:00,15,7.33,7.34,7.31,7.31,1590100,11643944.0
2026-01-16 14:30:00,600110,2026-01-16,14:30:00,15,7.31,7.33,7.3,7.33,1178000,8615266.0
2026-01-16 14:45:00,600110,2026-01-16,14:45:00,15,7.31,7.32,7.29,7.3,2333700,17045327.0
2026-01-16 15:00:00,600110,2026-01-16,15:00:00,15,7.3,7.31,7.29,7.3,3143400,22941946.0
2026-01-19 09:45:00,600110,2026-01-19,09:45:00,15,7.28,7.5,7.25,7.41,20597300,152115713.0
2026-01-19 10:00:00,600110,2026-01-19,10:00:00,15,7.41,7.45,7.36,7.4,7441405,55014022.0
2026-01-19 10:15:00,600110,2026-01-19,10:15:00,15,7.39,7.4,7.35,7.39,3084700,22749070.0
2026-01-19 10:30:00,600110,2026-01-19,10:30:00,15,7.38,7.39,7.36,7.37,3414800,25177074.0
2026-01-19 10:45:00,600110,2026-01-19,10:45:00,15,7.37,7.37,7.3,7.32,3243700,23787279.0
2026-01-19 11:00:00,600110,2026-01-19,11:00:00,15,7.31,7.38,7.31,7.36,1821700,13405203.0
2026-01-19 11:15:00,600110,2026-01-19,11:15:00,15,7.37,7.37,7.35,7.36,968500,7127163.0
2026-01-19 11:30:00,600110,2026-01-19,11:30:00,15,7.36,7.38,7.34,7.36,1691223,12448533.0
2026-01-19 13:15:00,600110,2026-01-19,13:15:00,15,7.36,7.36,7.31,7.34,1886800,13832501.0
2026-01-19 13:30:00,600110,2026-01-19,13:30:00,15,7.33,7.34,7.31,7.31,1506000,11033912.0
2026-01-19 13:45:00,600110,2026-01-19,13:45:00,15,7.33,7.33,7.3,7.31,1828000,13367560.0
2026-01-19 14:00:00,600110,2026-01-19,14:00:00,15,7.31,7.33,7.3,7.32,1999700,14629749.0
2026-01-19 14:15:00,600110,2026-01-19,14:15:00,15,7.32,7.36,7.31,7.36,1847700,13553302.0
2026-01-19 14:30:00,600110,2026-01-19,14:30:00,15,7.36,7.36,7.32,7.33,2333100,17111142.0
2026-01-19 14:45:00,600110,2026-01-19,14:45:00,15,7.33,7.34,7.29,7.3,3970600,29024924.0
2026-01-19 15:00:00,600110,2026-01-19,15:00:00,15,7.3,7.31,7.29,7.3,4681600,34192254.0
2026-01-20 09:45:00,600110,2026-01-20,09:45:00,15,7.34,7.58,7.22,7.22,40255700,298092780.0
2026-01-20 10:00:00,600110,2026-01-20,10:00:00,15,7.23,7.25,7.14,7.15,14680900,105716262.0
2026-01-20 10:15:00,600110,2026-01-20,10:15:00,15,7.16,7.16,7.11,7.12,7887000,56296829.0
2026-01-20 10:30:00,600110,2026-01-20,10:30:00,15,7.12,7.12,7.06,7.1,7445400,52734074.0
2026-01-20 10:45:00,600110,2026-01-20,10:45:00,15,7.09,7.1,7.06,7.09,4386200,31056440.0
2026-01-20 11:00:00,600110,2026-01-20,11:00:00,15,7.08,7.09,7.01,7.02,7510900,52877588.0
2026-01-20 11:15:00,600110,2026-01-20,11:15:00,15,7.02,7.05,7.01,7.05,2887900,20291320.0
2026-01-20 11:30:00,600110,2026-01-20,11:30:00,15,7.06,7.08,7.05,7.06,1789400,12643960.0
2026-01-20 13:15:00,600110,2026-01-20,13:15:00,15,7.05,7.07,7.03,7.04,2547100,17939324.0
2026-01-20 13:30:00,600110,2026-01-20,13:30:00,15,7.04,7.13,7.03,7.11,4456000,31604124.0
2026-01-20 13:45:00,600110,2026-01-20,13:45:00,15,7.11,7.11,7.08,7.08,2081201,14759639.0
2026-01-20 14:00:00,600110,2026-01-20,14:00:00,15,7.08,7.16,7.04,7.1,6766388,48020678.0
2026-01-20 14:15:00,600110,2026-01-20,14:15:00,15,7.09,7.1,7.06,7.06,2218400,15680185.0
2026-01-20 14:30:00,600110,2026-01-20,14:30:00,15,7.07,7.08,7.05,7.07,1893300,13372568.0
2026-01-20 14:45:00,600110,2026-01-20,14:45:00,15,7.07,7.07,7.04,7.05,2979800,21014412.0
2026-01-20 15:00:00,600110,2026-01-20,15:00:00,15,7.06,7.08,7.05,7.08,3530000,24947686.0
2026-01-21 09:45:00,600110,2026-01-21,09:45:00,15,7.01,7.12,6.96,7.08,14042100,98802289.0
2026-01-21 10:00:00,600110,2026-01-21,10:00:00,15,7.08,7.12,7.07,7.09,5463100,38718757.0
2026-01-21 10:15:00,600110,2026-01-21,10:15:00,15,7.09,7.27,7.09,7.21,13346287,96114797.0
2026-01-21 10:30:00,600110,2026-01-21,10:30:00,15,7.2,7.24,7.17,7.2,5430800,39091703.0
2026-01-21 10:45:00,600110,2026-01-21,10:45:00,15,7.19,7.2,7.17,7.18,3135100,22531480.0
2026-01-21 11:00:00,600110,2026-01-21,11:00:00,15,7.18,7.19,7.14,7.15,2249800,16113180.0
2026-01-21 11:15:00,600110,2026-01-21,11:15:00,15,7.15,7.18,7.14,7.17,1635700,11719956.0
2026-01-21 11:30:00,600110,2026-01-21,11:30:00,15,7.17,7.17,7.13,7.13,1096800,7841279.0
2026-01-21 13:15:00,600110,2026-01-21,13:15:00,15,7.13,7.14,7.11,7.11,2168400,15450016.0
2026-01-21 13:30:00,600110,2026-01-21,13:30:00,15,7.12,7.13,7.09,7.09,2160100,15347464.0
2026-01-21 13:45:00,600110,2026-01-21,13:45:00,15,7.09,7.14,7.08,7.13,1988200,14115094.0
2026-01-21 14:00:00,600110,2026-01-21,14:00:00,15,7.14,7.15,7.12,7.14,1313494,9371766.0
2026-01-21 14:15:00,600110,2026-01-21,14:15:00,15,7.14,7.18,7.14,7.16,2700307,19339969.0
2026-01-21 14:30:00,600110,2026-01-21,14:30:00,15,7.16,7.17,7.14,7.14,1894700,13562512.0
2026-01-21 14:45:00,600110,2026-01-21,14:45:00,15,7.14,7.16,7.14,7.14,1948214,13927969.0
2026-01-21 15:00:00,600110,2026-01-21,15:00:00,15,7.14,7.22,7.14,7.2,9153481,65753450.0
2026-01-22 09:45:00,600110,2026-01-22,09:45:00,15,7.2,7.5,7.18,7.34,31897876,236203568.0
2026-01-22 10:00:00,600110,2026-01-22,10:00:00,15,7.33,7.34,7.27,7.3,6006200,43843145.0
2026-01-22 10:15:00,600110,2026-01-22,10:15:00,15,7.31,7.31,7.27,7.28,3805600,27753481.0
2026-01-22 10:30:00,600110,2026-01-22,10:30:00,15,7.28,7.29,7.25,7.28,2535300,18439681.0
2026-01-22 10:45:00,600110,2026-01-22,10:45:00,15,7.28,7.3,7.25,7.3,2280200,16585145.0
2026-01-22 11:00:00,600110,2026-01-22,11:00:00,15,7.3,7.3,7.28,7.3,1605400,11702009.0
2026-01-22 11:15:00,600110,2026-01-22,11:15:00,15,7.3,7.3,7.26,7.26,2022800,14723241.0
2026-01-22 11:30:00,600110,2026-01-22,11:30:00,15,7.27,7.28,7.25,7.25,1900800,13818749.0
2026-01-22 13:15:00,600110,2026-01-22,13:15:00,15,7.26,7.26,7.23,7.25,2086500,15113459.0
2026-01-22 13:30:00,600110,2026-01-22,13:30:00,15,7.24,7.26,7.24,7.25,1511400,10951936.0
2026-01-22 13:45:00,600110,2026-01-22,13:45:00,15,7.26,7.28,7.24,7.26,1200900,8722063.0
2026-01-22 14:00:00,600110,2026-01-22,14:00:00,15,7.26,7.28,7.26,7.28,1998095,14525838.0
2026-01-22 14:15:00,600110,2026-01-22,14:15:00,15,7.28,7.33,7.28,7.29,3582700,26171720.0
2026-01-22 14:30:00,600110,2026-01-22,14:30:00,15,7.31,7.34,7.29,7.32,3036900,22226178.0
2026-01-22 14:45:00,600110,2026-01-22,14:45:00,15,7.32,7.33,7.04,7.14,27371100,196686400.0
2026-01-22 15:00:00,600110,2026-01-22,15:00:00,15,7.12,7.18,7.12,7.17,7136000,50995014.0
2026-01-23 09:45:00,600110,2026-01-23,09:45:00,15,7.12,7.28,7.12,7.28,19841501,142532734.0
2026-01-23 10:00:00,600110,2026-01-23,10:00:00,15,7.27,7.28,7.21,7.21,13218200,95896335.0
2026-01-23 10:15:00,600110,2026-01-23,10:15:00,15,7.21,7.27,7.21,7.25,5039700,36514297.0
2026-01-23 10:30:00,600110,2026-01-23,10:30:00,15,7.25,7.25,7.21,7.21,2203600,15935879.0
2026-01-23 10:45:00,600110,2026-01-23,10:45:00,15,7.22,7.23,7.2,7.23,2762400,19926089.0
2026-01-23 11:00:00,600110,2026-01-23,11:00:00,15,7.22,7.22,7.19,7.21,2824600,20358236.0
2026-01-23 11:15:00,600110,2026-01-23,11:15:00,15,7.2,7.2,7.17,7.17,2928000,21030966.0
2026-01-23 11:30:00,600110,2026-01-23,11:30:00,15,7.18,7.19,7.16,7.19,1839000,13192327.0
2026-01-23 13:15:00,600110,2026-01-23,13:15:00,15,7.19,7.25,7.18,7.23,5064185,36535004.0
2026-01-23 13:30:00,600110,2026-01-23,13:30:00,15,7.23,7.28,7.21,7.26,5731700,41553665.0
2026-01-23 13:45:00,600110,2026-01-23,13:45:00,15,7.26,7.32,7.25,7.25,7358900,53622340.0
2026-01-23 14:00:00,600110,2026-01-23,14:00:00,15,7.26,7.27,7.23,7.25,3734800,27067261.0
2026-01-23 14:15:00,600110,2026-01-23,14:15:00,15,7.25,7.3,7.25,7.27,4392601,31947198.0
2026-01-23 14:30:00,600110,2026-01-23,14:30:00,15,7.27,7.3,7.27,7.3,5638714,41106927.0
2026-01-23 14:45:00,600110,2026-01-23,14:45:00,15,7.29,7.29,7.25,7.27,4609600,33520318.0
2026-01-23 15:00:00,600110,2026-01-23,15:00:00,15,7.27,7.3,7.27,7.3,8146563,59360919.0
2026-01-26 09:45:00,600110,2026-01-26,09:45:00,15,7.3,7.34,7.17,7.17,17544000,127271496.0
2026-01-26 10:00:00,600110,2026-01-26,10:00:00,15,7.17,7.19,7.12,7.12,9150500,65416487.0
2026-01-26 10:15:00,600110,2026-01-26,10:15:00,15,7.11,7.2,7.1,7.15,6089600,43451377.0
2026-01-26 10:30:00,600110,2026-01-26,10:30:00,15,7.15,7.15,7.11,7.12,4153600,29580920.0
2026-01-26 10:45:00,600110,2026-01-26,10:45:00,15,7.12,7.13,7.09,7.11,5610986,39878873.0
2026-01-26 11:00:00,600110,2026-01-26,11:00:00,15,7.12,7.12,7.07,7.08,4637514,32896507.0
2026-01-26 11:15:00,600110,2026-01-26,11:15:00,15,7.08,7.11,7.07,7.1,2259000,16005093.0
2026-01-26 11:30:00,600110,2026-01-26,11:30:00,15,7.1,7.11,7.07,7.08,2549200,18057674.0
2026-01-26 13:15:00,600110,2026-01-26,13:15:00,15,7.08,7.08,7.05,7.06,2957300,20890656.0
2026-01-26 13:30:00,600110,2026-01-26,13:30:00,15,7.06,7.06,7.02,7.03,4174500,29396497.0
2026-01-26 13:45:00,600110,2026-01-26,13:45:00,15,7.03,7.03,6.98,7.0,8495700,59506991.0
2026-01-26 14:00:00,600110,2026-01-26,14:00:00,15,6.99,7.02,6.98,7.0,2542800,17793693.0
2026-01-26 14:15:00,600110,2026-01-26,14:15:00,15,7.0,7.01,6.98,7.01,3509600,24547714.0
2026-01-26 14:30:00,600110,2026-01-26,14:30:00,15,7.01,7.03,6.99,7.03,2361600,16543166.0
2026-01-26 14:45:00,600110,2026-01-26,14:45:00,15,7.02,7.04,7.01,7.01,2383900,16732000.0
2026-01-26 15:00:00,600110,2026-01-26,15:00:00,15,7.02,7.02,7.0,7.01,4647800,32582255.0
2026-01-27 09:45:00,600110,2026-01-27,09:45:00,15,7.01,7.01,6.68,6.68,24395714,165350305.0
2026-01-27 10:00:00,600110,2026-01-27,10:00:00,15,6.66,6.67,6.56,6.59,18078700,119723609.0
2026-01-27 10:15:00,600110,2026-01-27,10:15:00,15,6.59,6.7,6.58,6.68,6683477,44402213.0
2026-01-27 10:30:00,600110,2026-01-27,10:30:00,15,6.68,6.72,6.66,6.68,3611600,24151441.0
2026-01-27 10:45:00,600110,2026-01-27,10:45:00,15,6.67,6.74,6.66,6.74,2149903,14424120.0
2026-01-27 11:00:00,600110,2026-01-27,11:00:00,15,6.74,6.74,6.68,6.68,2096700,14061713.0
2026-01-27 11:15:00,600110,2026-01-27,11:15:00,15,6.69,6.71,6.68,6.7,1671600,11193073.0
2026-01-27 11:30:00,600110,2026-01-27,11:30:00,15,6.69,6.72,6.69,6.72,805100,5400130.0
2026-01-27 13:15:00,600110,2026-01-27,13:15:00,15,6.72,6.74,6.71,6.72,2619800,17621159.0
2026-01-27 13:30:00,600110,2026-01-27,13:30:00,15,6.74,6.77,6.72,6.75,2413700,16303690.0
2026-01-27 13:45:00,600110,2026-01-27,13:45:00,15,6.75,6.77,6.75,6.77,1050000,7097103.0
2026-01-27 14:00:00,600110,2026-01-27,14:00:00,15,6.76,6.84,6.76,6.83,3217900,21906765.0
2026-01-27 14:15:00,600110,2026-01-27,14:15:00,15,6.83,6.83,6.79,6.8,1818000,12379058.0
2026-01-27 14:30:00,600110,2026-01-27,14:30:00,15,6.8,6.81,6.77,6.78,1423800,9660947.0
2026-01-27 14:45:00,600110,2026-01-27,14:45:00,15,6.78,6.81,6.78,6.8,2139600,14532071.0
2026-01-27 15:00:00,600110,2026-01-27,15:00:00,15,6.79,6.8,6.78,6.79,2796800,18999511.0
2026-01-28 09:45:00,600110,2026-01-28,09:45:00,15,6.75,6.89,6.67,6.84,11793900,80069974.0
2026-01-28 10:00:00,600110,2026-01-28,10:00:00,15,6.83,6.89,6.8,6.83,7394800,50710286.0
2026-01-28 10:15:00,600110,2026-01-28,10:15:00,15,6.82,6.91,6.77,6.82,8171400,55905134.0
2026-01-28 10:30:00,600110,2026-01-28,10:30:00,15,6.83,6.93,6.82,6.87,7226114,49723621.0
2026-01-28 10:45:00,600110,2026-01-28,10:45:00,15,6.87,6.87,6.81,6.82,2585900,17687696.0
2026-01-28 11:00:00,600110,2026-01-28,11:00:00,15,6.81,6.84,6.81,6.81,1715601,11702736.0
2026-01-28 11:15:00,600110,2026-01-28,11:15:00,15,6.81,6.82,6.8,6.82,1499299,10210662.0
2026-01-28 11:30:00,600110,2026-01-28,11:30:00,15,6.82,6.83,6.8,6.82,1383100,9419990.0
2026-01-28 13:15:00,600110,2026-01-28,13:15:00,15,6.83,6.89,6.82,6.86,2511600,17223144.0
2026-01-28 13:30:00,600110,2026-01-28,13:30:00,15,6.86,6.86,6.81,6.82,1386700,9476668.0
2026-01-28 13:45:00,600110,2026-01-28,13:45:00,15,6.82,6.84,6.81,6.82,1075301,7335457.0
2026-01-28 14:00:00,600110,2026-01-28,14:00:00,15,6.82,6.82,6.8,6.81,1303899,8883453.0
2026-01-28 14:15:00,600110,2026-01-28,14:15:00,15,6.81,6.82,6.8,6.82,871900,5937237.0
2026-01-28 14:30:00,600110,2026-01-28,14:30:00,15,6.82,6.82,6.81,6.82,1139300,7762112.0
2026-01-28 14:45:00,600110,2026-01-28,14:45:00,15,6.81,6.83,6.8,6.81,2149126,14650340.0
2026-01-28 15:00:00,600110,2026-01-28,15:00:00,15,6.81,6.83,6.81,6.83,3081802,21016953.0
2026-01-29 09:45:00,600110,2026-01-29,09:45:00,15,6.73,7.29,6.7,7.19,43902385,312247872.0
2026-01-29 10:00:00,600110,2026-01-29,10:00:00,15,7.19,7.26,7.15,7.21,13948100,100529883.0
2026-01-29 10:15:00,600110,2026-01-29,10:15:00,15,7.21,7.23,7.15,7.2,5975779,42981930.0
2026-01-29 10:30:00,600110,2026-01-29,10:30:00,15,7.2,7.2,7.09,7.11,5605800,39973009.0
2026-01-29 10:45:00,600110,2026-01-29,10:45:00,15,7.11,7.14,7.1,7.14,2245200,15983438.0
2026-01-29 11:00:00,600110,2026-01-29,11:00:00,15,7.14,7.14,7.1,7.1,1305500,9289166.0
2026-01-29 11:15:00,600110,2026-01-29,11:15:00,15,7.1,7.11,7.07,7.07,2449800,17361563.0
2026-01-29 11:30:00,600110,2026-01-29,11:30:00,15,7.08,7.09,7.05,7.07,1787900,12649804.0
2026-01-29 13:15:00,600110,2026-01-29,13:15:00,15,7.07,7.08,7.0,7.02,4268300,30011543.0
2026-01-29 13:30:00,600110,2026-01-29,13:30:00,15,7.02,7.04,7.01,7.02,2680300,18826311.0
2026-01-29 13:45:00,600110,2026-01-29,13:45:00,15,7.01,7.05,7.01,7.04,1611900,11334542.0
2026-01-29 14:00:00,600110,2026-01-29,14:00:00,15,7.04,7.05,7.02,7.03,2905600,20419329.0
2026-01-29 14:15:00,600110,2026-01-29,14:15:00,15,7.02,7.03,7.01,7.02,3062725,21496796.0
2026-01-29 14:30:00,600110,2026-01-29,14:30:00,15,7.02,7.05,7.01,7.03,1776500,12494544.0
2026-01-29 14:45:00,600110,2026-01-29,14:45:00,15,7.03,7.04,7.02,7.03,2434250,17109438.0
2026-01-29 15:00:00,600110,2026-01-29,15:00:00,15,7.04,7.05,7.02,7.04,4592200,32299141.0
2026-01-30 09:45:00,600110,2026-01-30,09:45:00,15,6.97,6.98,6.82,6.83,16027000,110493857.0
2026-01-30 10:00:00,600110,2026-01-30,10:00:00,15,6.83,6.87,6.8,6.84,7457100,50911034.0
2026-01-30 10:15:00,600110,2026-01-30,10:15:00,15,6.83,6.83,6.8,6.82,6484300,44183198.0
2026-01-30 10:30:00,600110,2026-01-30,10:30:00,15,6.82,6.83,6.8,6.82,4312200,29392017.0
2026-01-30 10:45:00,600110,2026-01-30,10:45:00,15,6.81,6.89,6.76,6.88,8442800,57449302.0
2026-01-30 11:00:00,600110,2026-01-30,11:00:00,15,6.87,6.87,6.81,6.83,1778600,12190281.0
2026-01-30 11:15:00,600110,2026-01-30,11:15:00,15,6.82,6.85,6.81,6.84,1750500,11946465.0
2026-01-30 11:30:00,600110,2026-01-30,11:30:00,15,6.84,6.85,6.81,6.82,905800,6182808.0
2026-01-30 13:15:00,600110,2026-01-30,13:15:00,15,6.82,6.89,6.81,6.88,2414300,16556118.0
2026-01-30 13:30:00,600110,2026-01-30,13:30:00,15,6.88,6.95,6.86,6.95,3230100,22302297.0
2026-01-30 13:45:00,600110,2026-01-30,13:45:00,15,6.94,6.95,6.88,6.91,2151400,14859781.0
2026-01-30 14:00:00,600110,2026-01-30,14:00:00,15,6.91,6.93,6.9,6.91,1506600,10419914.0
2026-01-30 14:15:00,600110,2026-01-30,14:15:00,15,6.9,6.91,6.88,6.9,864900,5963597.0
2026-01-30 14:30:00,600110,2026-01-30,14:30:00,15,6.9,6.9,6.87,6.88,1738200,11967349.0
2026-01-30 14:45:00,600110,2026-01-30,14:45:00,15,6.87,6.89,6.87,6.88,1957563,13466526.0
2026-01-30 15:00:00,600110,2026-01-30,15:00:00,15,6.88,6.89,6.87,6.87,3234872,22241283.0
2026-02-02 09:45:00,600110,2026-02-02,09:45:00,15,6.95,6.95,6.82,6.84,10278000,70627968.0
2026-02-02 10:00:00,600110,2026-02-02,10:00:00,15,6.84,6.87,6.82,6.86,3747300,25633224.0
2026-02-02 10:15:00,600110,2026-02-02,10:15:00,15,6.86,6.86,6.8,6.8,4504000,30702144.0
2026-02-02 10:30:00,600110,2026-02-02,10:30:00,15,6.8,6.82,6.78,6.81,2177150,14792930.0
2026-02-02 10:45:00,600110,2026-02-02,10:45:00,15,6.81,6.83,6.8,6.82,1190200,8109275.0
2026-02-02 11:00:00,600110,2026-02-02,11:00:00,15,6.82,6.84,6.79,6.8,1598300,10882784.0
2026-02-02 11:15:00,600110,2026-02-02,11:15:00,15,6.8,6.8,6.78,6.8,1061100,7204684.0
2026-02-02 11:30:00,600110,2026-02-02,11:30:00,15,6.8,6.81,6.77,6.79,1936750,13135325.0
2026-02-02 13:15:00,600110,2026-02-02,13:15:00,15,6.78,6.79,6.74,6.77,3191000,21556467.0
2026-02-02 13:30:00,600110,2026-02-02,13:30:00,15,6.76,6.77,6.73,6.74,2078900,14035632.0
2026-02-02 13:45:00,600110,2026-02-02,13:45:00,15,6.73,6.75,6.72,6.73,2522900,16991291.0
2026-02-02 14:00:00,600110,2026-02-02,14:00:00,15,6.73,6.76,6.72,6.75,1703700,11465383.0
2026-02-02 14:15:00,600110,2026-02-02,14:15:00,15,6.76,6.78,6.73,6.74,1277600,8631238.0
2026-02-02 14:30:00,600110,2026-02-02,14:30:00,15,6.73,6.74,6.7,6.71,2709000,18205962.0
2026-02-02 14:45:00,600110,2026-02-02,14:45:00,15,6.7,6.71,6.67,6.67,4146500,27742297.0
2026-02-02 15:00:00,600110,2026-02-02,15:00:00,15,6.67,6.68,6.63,6.65,5501502,36576097.0
2026-02-03 09:45:00,600110,2026-02-03,09:45:00,15,6.68,6.73,6.66,6.71,5112300,34251290.0
2026-02-03 10:00:00,600110,2026-02-03,10:00:00,15,6.7,6.73,6.69,6.73,2186900,14671791.0
2026-02-03 10:15:00,600110,2026-02-03,10:15:00,15,6.73,6.74,6.7,6.71,1666500,11196915.0
2026-02-03 10:30:00,600110,2026-02-03,10:30:00,15,6.7,6.72,6.69,6.7,1633900,10948063.0
2026-02-03 10:45:00,600110,2026-02-03,10:45:00,15,6.7,6.7,6.66,6.66,2028500,13550451.0
2026-02-03 11:00:00,600110,2026-02-03,11:00:00,15,6.66,6.68,6.64,6.67,2238000,14907364.0
2026-02-03 11:15:00,600110,2026-02-03,11:15:00,15,6.67,6.69,6.67,6.68,446800,2984967.0
2026-02-03 11:30:00,600110,2026-02-03,11:30:00,15,6.69,6.72,6.68,6.7,971200,6504733.0
2026-02-03 13:15:00,600110,2026-02-03,13:15:00,15,6.72,6.72,6.69,6.7,1163100,7799833.0
2026-02-03 13:30:00,600110,2026-02-03,13:30:00,15,6.7,6.71,6.69,6.7,1076200,7208362.0
2026-02-03 13:45:00,600110,2026-02-03,13:45:00,15,6.71,6.72,6.7,6.71,660300,4432814.0
2026-02-03 14:00:00,600110,2026-02-03,14:00:00,15,6.72,6.72,6.71,6.72,806300,5414396.0
2026-02-03 14:15:00,600110,2026-02-03,14:15:00,15,6.72,6.73,6.71,6.73,1729250,11617660.0
2026-02-03 14:30:00,600110,2026-02-03,14:30:00,15,6.73,6.73,6.72,6.73,953800,6415641.0
2026-02-03 14:45:00,600110,2026-02-03,14:45:00,15,6.73,6.73,6.72,6.73,1431817,9628978.0
2026-02-03 15:00:00,600110,2026-02-03,15:00:00,15,6.73,6.74,6.72,6.73,2668525,17954894.0
2026-02-04 09:45:00,600110,2026-02-04,09:45:00,15,6.69,6.73,6.68,6.68,5359800,35879226.0
2026-02-04 10:00:00,600110,2026-02-04,10:00:00,15,6.68,6.71,6.66,6.7,2681000,17917095.0
2026-02-04 10:15:00,600110,2026-02-04,10:15:00,15,6.7,6.72,6.69,6.72,1411500,9467175.0
2026-02-04 10:30:00,600110,2026-02-04,10:30:00,15,6.72,6.72,6.7,6.7,654900,4394682.0
2026-02-04 10:45:00,600110,2026-02-04,10:45:00,15,6.7,6.73,6.7,6.71,1787000,11995497.0
2026-02-04 11:00:00,600110,2026-02-04,11:00:00,15,6.72,6.72,6.69,6.69,995800,6672535.0
2026-02-04 11:15:00,600110,2026-02-04,11:15:00,15,6.69,6.7,6.68,6.69,1284700,8593650.0
2026-02-04 11:30:00,600110,2026-02-04,11:30:00,15,6.69,6.71,6.68,6.69,855900,5728770.0
2026-02-04 13:15:00,600110,2026-02-04,13:15:00,15,6.7,6.71,6.69,6.7,945500,6332499.0
2026-02-04 13:30:00,600110,2026-02-04,13:30:00,15,6.7,6.73,6.69,6.73,1268400,8515369.0
2026-02-04 13:45:00,600110,2026-02-04,13:45:00,15,6.73,6.75,6.71,6.72,1472200,9910959.0
2026-02-04 14:00:00,600110,2026-02-04,14:00:00,15,6.72,6.73,6.71,6.71,619500,4160361.0
2026-02-04 14:15:00,600110,2026-02-04,14:15:00,15,6.71,6.74,6.7,6.73,1124300,7552035.0
2026-02-04 14:30:00,600110,2026-02-04,14:30:00,15,6.73,6.75,6.73,6.74,1528500,10306808.0
2026-02-04 14:45:00,600110,2026-02-04,14:45:00,15,6.74,6.77,6.74,6.76,1803700,12185508.0
2026-02-04 15:00:00,600110,2026-02-04,15:00:00,15,6.77,6.78,6.76,6.77,3136100,21227571.0
2026-02-05 09:45:00,600110,2026-02-05,09:45:00,15,6.73,6.74,6.68,6.7,3313400,22207106.0
2026-02-05 10:00:00,600110,2026-02-05,10:00:00,15,6.7,6.7,6.67,6.68,2567500,17158460.0
2026-02-05 10:15:00,600110,2026-02-05,10:15:00,15,6.68,6.68,6.66,6.66,1943100,12961888.0
2026-02-05 10:30:00,600110,2026-02-05,10:30:00,15,6.66,6.67,6.62,6.63,5236100,34768135.0
2026-02-05 10:45:00,600110,2026-02-05,10:45:00,15,6.63,6.66,6.62,6.65,1270400,8435185.0
2026-02-05 11:00:00,600110,2026-02-05,11:00:00,15,6.66,6.66,6.62,6.63,1377300,9131785.0
2026-02-05 11:15:00,600110,2026-02-05,11:15:00,15,6.62,6.64,6.62,6.64,1001200,6638519.0
2026-02-05 11:30:00,600110,2026-02-05,11:30:00,15,6.64,6.64,6.62,6.63,888800,5890191.0
2026-02-05 13:15:00,600110,2026-02-05,13:15:00,15,6.63,6.63,6.62,6.62,1188500,7871043.0
2026-02-05 13:30:00,600110,2026-02-05,13:30:00,15,6.63,6.63,6.61,6.63,1639133,10850388.0
2026-02-05 13:45:00,600110,2026-02-05,13:45:00,15,6.62,6.65,6.62,6.65,1024052,6787162.0
2026-02-05 14:00:00,600110,2026-02-05,14:00:00,15,6.65,6.66,6.64,6.65,735900,4892843.0
2026-02-05 14:15:00,600110,2026-02-05,14:15:00,15,6.64,6.67,6.64,6.65,809900,5390929.0
2026-02-05 14:30:00,600110,2026-02-05,14:30:00,15,6.65,6.65,6.62,6.63,1641800,10892924.0
2026-02-05 14:45:00,600110,2026-02-05,14:45:00,15,6.63,6.65,6.63,6.63,1055500,7004744.0
2026-02-05 15:00:00,600110,2026-02-05,15:00:00,15,6.63,6.64,6.62,6.63,2546000,16873407.0
2026-02-06 09:45:00,600110,2026-02-06,09:45:00,15,6.59,6.62,6.51,6.58,6534900,42845211.0
2026-02-06 10:00:00,600110,2026-02-06,10:00:00,15,6.58,6.61,6.57,6.59,3613900,23809441.0
2026-02-06 10:15:00,600110,2026-02-06,10:15:00,15,6.59,6.62,6.57,6.6,1756100,11575825.0
2026-02-06 10:30:00,600110,2026-02-06,10:30:00,15,6.6,6.68,6.6,6.68,2322800,15466732.0
2026-02-06 10:45:00,600110,2026-02-06,10:45:00,15,6.68,6.7,6.67,6.68,3027000,20234244.0
2026-02-06 11:00:00,600110,2026-02-06,11:00:00,15,6.68,6.69,6.67,6.68,971700,6492454.0
2026-02-06 11:15:00,600110,2026-02-06,11:15:00,15,6.69,6.73,6.68,6.73,2241000,15028048.0
2026-02-06 11:30:00,600110,2026-02-06,11:30:00,15,6.73,6.73,6.7,6.71,1174100,7883664.0
2026-02-06 13:15:00,600110,2026-02-06,13:15:00,15,6.71,6.75,6.71,6.72,1728900,11631175.0
2026-02-06 13:30:00,600110,2026-02-06,13:30:00,15,6.71,6.75,6.71,6.73,1743700,11736782.0
2026-02-06 13:45:00,600110,2026-02-06,13:45:00,15,6.74,6.79,6.73,6.78,3584500,24251033.0
2026-02-06 14:00:00,600110,2026-02-06,14:00:00,15,6.77,6.78,6.74,6.75,1066300,7206424.0
2026-02-06 14:15:00,600110,2026-02-06,14:15:00,15,6.75,6.77,6.73,6.73,1483600,10020910.0
2026-02-06 14:30:00,600110,2026-02-06,14:30:00,15,6.73,6.74,6.72,6.73,874500,5884527.0
2026-02-06 14:45:00,600110,2026-02-06,14:45:00,15,6.73,6.73,6.7,6.71,1459300,9791231.0
2026-02-06 15:00:00,600110,2026-02-06,15:00:00,15,6.71,6.73,6.71,6.72,2665900,17907208.0
2026-02-09 09:45:00,600110,2026-02-09,09:45:00,15,6.8,6.81,6.75,6.79,4633200,31433600.0
2026-02-09 10:00:00,600110,2026-02-09,10:00:00,15,6.79,6.83,6.78,6.82,4385600,29859747.0
2026-02-09 10:15:00,600110,2026-02-09,10:15:00,15,6.82,6.82,6.79,6.8,2367500,16106047.0
2026-02-09 10:30:00,600110,2026-02-09,10:30:00,15,6.81,6.84,6.8,6.84,2391400,16321271.0
2026-02-09 10:45:00,600110,2026-02-09,10:45:00,15,6.83,6.88,6.83,6.85,3161733,21678481.0
2026-02-09 11:00:00,600110,2026-02-09,11:00:00,15,6.85,6.86,6.83,6.84,1890400,12928456.0
2026-02-09 11:15:00,600110,2026-02-09,11:15:00,15,6.84,6.84,6.82,6.83,1077800,7360025.0
2026-02-09 11:30:00,600110,2026-02-09,11:30:00,15,6.83,6.84,6.83,6.83,475582,3250715.0
2026-02-09 13:15:00,600110,2026-02-09,13:15:00,15,6.83,6.84,6.79,6.8,1772118,12063765.0
2026-02-09 13:30:00,600110,2026-02-09,13:30:00,15,6.8,6.83,6.8,6.83,1399300,9539420.0
2026-02-09 13:45:00,600110,2026-02-09,13:45:00,15,6.83,6.88,6.82,6.87,3386115,23225760.0
2026-02-09 14:00:00,600110,2026-02-09,14:00:00,15,6.87,6.9,6.85,6.86,4362533,30024170.0
2026-02-09 14:15:00,600110,2026-02-09,14:15:00,15,6.86,6.87,6.86,6.86,748800,5140582.0
2026-02-09 14:30:00,600110,2026-02-09,14:30:00,15,6.86,6.87,6.85,6.86,1243300,8528555.0
2026-02-09 14:45:00,600110,2026-02-09,14:45:00,15,6.86,6.94,6.86,6.93,6495700,44907748.0
2026-02-09 15:00:00,600110,2026-02-09,15:00:00,15,6.92,6.97,6.92,6.97,7904647,54957840.0
2026-02-10 09:45:00,600110,2026-02-10,09:45:00,15,6.97,6.99,6.87,6.87,5672400,39243549.0
2026-02-10 10:00:00,600110,2026-02-10,10:00:00,15,6.87,6.9,6.86,6.87,3534400,24314931.0
2026-02-10 10:15:00,600110,2026-02-10,10:15:00,15,6.87,6.88,6.85,6.87,3146000,21591242.0
2026-02-10 10:30:00,600110,2026-02-10,10:30:00,15,6.87,6.88,6.83,6.84,2646400,18138312.0
2026-02-10 10:45:00,600110,2026-02-10,10:45:00,15,6.84,6.85,6.82,6.83,2305000,15740046.0
2026-02-10 11:00:00,600110,2026-02-10,11:00:00,15,6.83,6.83,6.81,6.82,1160000,7913475.0
2026-02-10 11:15:00,600110,2026-02-10,11:15:00,15,6.82,6.83,6.82,6.83,609000,4155165.0
2026-02-10 11:30:00,600110,2026-02-10,11:30:00,15,6.81,6.83,6.81,6.82,1188600,8103990.0
2026-02-10 13:15:00,600110,2026-02-10,13:15:00,15,6.83,6.84,6.82,6.84,787600,5381819.0
2026-02-10 13:30:00,600110,2026-02-10,13:30:00,15,6.84,6.85,6.82,6.82,914800,6251988.0
2026-02-10 13:45:00,600110,2026-02-10,13:45:00,15,6.82,6.84,6.82,6.82,456200,3113783.0
2026-02-10 14:00:00,600110,2026-02-10,14:00:00,15,6.82,6.83,6.82,6.82,704700,4807599.0
2026-02-10 14:15:00,600110,2026-02-10,14:15:00,15,6.82,6.83,6.82,6.82,1185400,8087184.0
2026-02-10 14:30:00,600110,2026-02-10,14:30:00,15,6.82,6.83,6.81,6.81,1305100,8893942.0
2026-02-10 14:45:00,600110,2026-02-10,14:45:00,15,6.81,6.82,6.78,6.8,3945900,26818761.0
2026-02-10 15:00:00,600110,2026-02-10,15:00:00,15,6.8,6.81,6.79,6.8,2927400,19897707.0
2026-02-11 09:45:00,600110,2026-02-11,09:45:00,15,6.79,6.81,6.72,6.72,13121800,88527273.0
2026-02-11 10:00:00,600110,2026-02-11,10:00:00,15,6.72,6.77,6.72,6.73,3107800,20936822.0
2026-02-11 10:15:00,600110,2026-02-11,10:15:00,15,6.73,6.77,6.73,6.75,1526075,10296854.0
2026-02-11 10:30:00,600110,2026-02-11,10:30:00,15,6.75,6.78,6.74,6.77,986300,6665864.0
2026-02-11 10:45:00,600110,2026-02-11,10:45:00,15,6.77,6.81,6.77,6.81,1315000,8924355.0
2026-02-11 11:00:00,600110,2026-02-11,11:00:00,15,6.8,6.85,6.79,6.8,1828300,12467634.0
2026-02-11 11:15:00,600110,2026-02-11,11:15:00,15,6.81,6.82,6.8,6.8,833700,5678765.0
2026-02-11 11:30:00,600110,2026-02-11,11:30:00,15,6.81,6.81,6.78,6.79,957200,6497023.0
2026-02-11 13:15:00,600110,2026-02-11,13:15:00,15,6.79,6.8,6.76,6.77,745600,5050055.0
2026-02-11 13:30:00,600110,2026-02-11,13:30:00,15,6.77,6.8,6.75,6.79,1125100,7617829.0
2026-02-11 13:45:00,600110,2026-02-11,13:45:00,15,6.79,6.79,6.76,6.79,773900,5240438.0
2026-02-11 14:00:00,600110,2026-02-11,14:00:00,15,6.78,6.79,6.77,6.78,502700,3408470.0
2026-02-11 14:15:00,600110,2026-02-11,14:15:00,15,6.78,6.79,6.77,6.79,361000,2448316.0
2026-02-11 14:30:00,600110,2026-02-11,14:30:00,15,6.79,6.82,6.77,6.79,1312000,8922829.0
2026-02-11 14:45:00,600110,2026-02-11,14:45:00,15,6.79,6.79,6.77,6.78,943000,6393163.0
2026-02-11 15:00:00,600110,2026-02-11,15:00:00,15,6.77,6.79,6.77,6.78,1670000,11321458.0
2026-02-12 09:45:00,600110,2026-02-12,09:45:00,15,6.77,6.78,6.7,6.7,4401800,29637243.0
2026-02-12 10:00:00,600110,2026-02-12,10:00:00,15,6.7,6.76,6.7,6.74,1665200,11206890.0
2026-02-12 10:15:00,600110,2026-02-12,10:15:00,15,6.74,6.77,6.74,6.76,1087200,7347811.0
2026-02-12 10:30:00,600110,2026-02-12,10:30:00,15,6.75,6.77,6.74,6.75,1260800,8516598.0
2026-02-12 10:45:00,600110,2026-02-12,10:45:00,15,6.75,6.81,6.74,6.81,2620500,17756546.0
2026-02-12 11:00:00,600110,2026-02-12,11:00:00,15,6.81,6.82,6.78,6.8,1892600,12869925.0
2026-02-12 11:15:00,600110,2026-02-12,11:15:00,15,6.8,6.82,6.79,6.81,1045200,7119273.0
2026-02-12 11:30:00,600110,2026-02-12,11:30:00,15,6.81,6.82,6.8,6.8,910700,6202704.0
2026-02-12 13:15:00,600110,2026-02-12,13:15:00,15,6.8,6.81,6.78,6.78,783600,5322931.0
2026-02-12 13:30:00,600110,2026-02-12,13:30:00,15,6.78,6.79,6.76,6.76,1043150,7067817.0
2026-02-12 13:45:00,600110,2026-02-12,13:45:00,15,6.77,6.78,6.76,6.77,597200,4043704.0
2026-02-12 14:00:00,600110,2026-02-12,14:00:00,15,6.77,6.82,6.77,6.79,2089800,14207017.0
2026-02-12 14:15:00,600110,2026-02-12,14:15:00,15,6.79,6.8,6.78,6.79,447100,3035384.0
2026-02-12 14:30:00,600110,2026-02-12,14:30:00,15,6.78,6.79,6.77,6.78,717500,4866725.0
2026-02-12 14:45:00,600110,2026-02-12,14:45:00,15,6.78,6.8,6.77,6.77,1933500,13119341.0
2026-02-12 15:00:00,600110,2026-02-12,15:00:00,15,6.77,6.79,6.77,6.78,2612900,17710215.0
2026-02-13 09:45:00,600110,2026-02-13,09:45:00,15,6.78,6.82,6.74,6.82,3946700,26752604.0
2026-02-13 10:00:00,600110,2026-02-13,10:00:00,15,6.83,6.87,6.8,6.87,4642800,31757198.0
2026-02-13 10:15:00,600110,2026-02-13,10:15:00,15,6.87,6.88,6.86,6.87,2586600,17769918.0
2026-02-13 10:30:00,600110,2026-02-13,10:30:00,15,6.87,6.87,6.82,6.82,1673700,11455767.0
2026-02-13 10:45:00,600110,2026-02-13,10:45:00,15,6.82,6.85,6.82,6.85,1238600,8465753.0
2026-02-13 11:00:00,600110,2026-02-13,11:00:00,15,6.84,6.95,6.84,6.92,6472200,44679152.0
2026-02-13 11:15:00,600110,2026-02-13,11:15:00,15,6.91,6.93,6.9,6.92,2264900,15663351.0
2026-02-13 11:30:00,600110,2026-02-13,11:30:00,15,6.91,6.93,6.89,6.91,1370600,9471400.0
2026-02-13 13:15:00,600110,2026-02-13,13:15:00,15,6.91,6.92,6.87,6.91,1479100,10199311.0
2026-02-13 13:30:00,600110,2026-02-13,13:30:00,15,6.91,6.95,6.89,6.92,3171200,21958497.0
2026-02-13 13:45:00,600110,2026-02-13,13:45:00,15,6.92,7.01,6.91,6.97,6662482,46430766.0
2026-02-13 14:00:00,600110,2026-02-13,14:00:00,15,6.97,7.08,6.96,7.04,8646100,60835619.0
2026-02-13 14:15:00,600110,2026-02-13,14:15:00,15,7.02,7.03,6.96,6.98,2166400,15152688.0
2026-02-13 14:30:00,600110,2026-02-13,14:30:00,15,6.97,7.02,6.95,7.0,3700400,25832807.0
2026-02-13 14:45:00,600110,2026-02-13,14:45:00,15,7.0,7.01,6.96,6.97,3162400,22113002.0
2026-02-13 15:00:00,600110,2026-02-13,15:00:00,15,6.97,6.99,6.95,6.97,5552650,38711187.0
2026-02-24 09:45:00,600110,2026-02-24,09:45:00,15,7.14,7.25,7.07,7.24,25373460,181951334.0
2026-02-24 10:00:00,600110,2026-02-24,10:00:00,15,7.24,7.44,7.24,7.35,26729682,196451878.0
2026-02-24 10:15:00,600110,2026-02-24,10:15:00,15,7.37,7.59,7.3,7.54,28450200,212772747.0
2026-02-24 10:30:00,600110,2026-02-24,10:30:00,15,7.55,7.63,7.48,7.63,18572010,140555359.0
2026-02-24 10:45:00,600110,2026-02-24,10:45:00,15,7.62,7.62,7.55,7.55,6817200,51734845.0
2026-02-24 11:00:00,600110,2026-02-24,11:00:00,15,7.55,7.58,7.51,7.54,6366700,47996141.0
2026-02-24 11:15:00,600110,2026-02-24,11:15:00,15,7.53,7.67,7.53,7.67,37084381,283812045.0
2026-02-24 11:30:00,600110,2026-02-24,11:30:00,15,7.67,7.67,7.67,7.67,5574043,42752910.0
2026-02-24 13:15:00,600110,2026-02-24,13:15:00,15,7.67,7.67,7.49,7.5,20815195,157808025.0
2026-02-24 13:30:00,600110,2026-02-24,13:30:00,15,7.49,7.51,7.46,7.46,8414100,63007928.0
2026-02-24 13:45:00,600110,2026-02-24,13:45:00,15,7.46,7.49,7.43,7.44,5356900,39967849.0
2026-02-24 14:00:00,600110,2026-02-24,14:00:00,15,7.44,7.47,7.44,7.45,2841700,21180780.0
2026-02-24 14:15:00,600110,2026-02-24,14:15:00,15,7.45,7.49,7.44,7.48,3669500,27389871.0
2026-02-24 14:30:00,600110,2026-02-24,14:30:00,15,7.47,7.48,7.46,7.47,2498500,18657426.0
2026-02-24 14:45:00,600110,2026-02-24,14:45:00,15,7.48,7.48,7.44,7.45,4029947,30045512.0
2026-02-24 15:00:00,600110,2026-02-24,15:00:00,15,7.45,7.46,7.43,7.43,8439753,62823763.0
2026-02-25 09:45:00,600110,2026-02-25,09:45:00,15,7.69,8.17,7.65,8.17,147906751,1190619209.0
2026-02-25 10:00:00,600110,2026-02-25,10:00:00,15,8.17,8.17,8.17,8.17,3427653,28003925.0
2026-02-25 10:15:00,600110,2026-02-25,10:15:00,15,8.17,8.17,8.17,8.17,1755418,14341765.0
2026-02-25 10:30:00,600110,2026-02-25,10:30:00,15,8.17,8.17,8.17,8.17,1306400,10673288.0
2026-02-25 10:45:00,600110,2026-02-25,10:45:00,15,8.17,8.17,8.17,8.17,2783400,22740378.0
2026-02-25 11:00:00,600110,2026-02-25,11:00:00,15,8.17,8.17,8.17,8.17,1536900,12556473.0
2026-02-25 11:15:00,600110,2026-02-25,11:15:00,15,8.17,8.17,8.17,8.17,2862979,23390539.0
2026-02-25 11:30:00,600110,2026-02-25,11:30:00,15,8.17,8.17,8.17,8.17,768200,6276194.0
2026-02-25 13:15:00,600110,2026-02-25,13:15:00,15,8.17,8.17,8.17,8.17,1788260,14610084.0
2026-02-25 13:30:00,600110,2026-02-25,13:30:00,15,8.17,8.17,8.17,8.17,375000,3063750.0
2026-02-25 13:45:00,600110,2026-02-25,13:45:00,15,8.17,8.17,8.17,8.17,897500,7332575.0
2026-02-25 14:00:00,600110,2026-02-25,14:00:00,15,8.17,8.17,8.17,8.17,335200,2738584.0
2026-02-25 14:15:00,600110,2026-02-25,14:15:00,15,8.17,8.17,8.17,8.17,443300,3621761.0
2026-02-25 14:30:00,600110,2026-02-25,14:30:00,15,8.17,8.17,8.17,8.17,796100,6504137.0
2026-02-25 14:45:00,600110,2026-02-25,14:45:00,15,8.17,8.17,8.17,8.17,579000,4730430.0
2026-02-25 15:00:00,600110,2026-02-25,15:00:00,15,8.17,8.17,8.17,8.17,972600,7946142.0
2026-02-26 09:45:00,600110,2026-02-26,09:45:00,15,8.18,8.33,8.0,8.17,100589629,821070025.0
2026-02-26 10:00:00,600110,2026-02-26,10:00:00,15,8.16,8.38,8.14,8.35,36518235,302377956.0
2026-02-26 10:15:00,600110,2026-02-26,10:15:00,15,8.35,8.49,8.27,8.37,32513930,273277909.0
2026-02-26 10:30:00,600110,2026-02-26,10:30:00,15,8.37,8.43,8.34,8.35,12943895,108431961.0
2026-02-26 10:45:00,600110,2026-02-26,10:45:00,15,8.36,8.42,8.34,8.35,10416125,87314737.0
2026-02-26 11:00:00,600110,2026-02-26,11:00:00,15,8.35,8.4,8.27,8.34,16339460,135844547.0
2026-02-26 11:15:00,600110,2026-02-26,11:15:00,15,8.33,8.36,8.3,8.32,5003700,41703456.0
2026-02-26 11:30:00,600110,2026-02-26,11:30:00,15,8.31,8.33,8.29,8.31,5305400,44065330.0
2026-02-26 13:15:00,600110,2026-02-26,13:15:00,15,8.31,8.48,8.28,8.36,19102261,160522877.0
2026-02-26 13:30:00,600110,2026-02-26,13:30:00,15,8.36,8.4,8.31,8.31,6431800,53627780.0
2026-02-26 13:45:00,600110,2026-02-26,13:45:00,15,8.31,8.32,8.25,8.31,7410300,61328669.0
2026-02-26 14:00:00,600110,2026-02-26,14:00:00,15,8.3,8.31,8.27,8.28,6150100,50977307.0
2026-02-26 14:15:00,600110,2026-02-26,14:15:00,15,8.28,8.31,8.26,8.27,4973500,41196253.0
2026-02-26 14:30:00,600110,2026-02-26,14:30:00,15,8.27,8.3,8.27,8.28,5465718,45254078.0
2026-02-26 14:45:00,600110,2026-02-26,14:45:00,15,8.28,8.31,8.27,8.28,9948800,82436913.0
2026-02-26 15:00:00,600110,2026-02-26,15:00:00,15,8.29,8.35,8.28,8.32,15082788,125427625.0
2026-02-27 09:45:00,600110,2026-02-27,09:45:00,15,8.22,8.39,8.19,8.28,49216242,406764089.0
2026-02-27 10:00:00,600110,2026-02-27,10:00:00,15,8.28,8.34,8.25,8.31,14682600,121890697.0
2026-02-27 10:15:00,600110,2026-02-27,10:15:00,15,8.3,8.35,8.12,8.12,19129456,157328443.0
2026-02-27 10:30:00,600110,2026-02-27,10:30:00,15,8.13,8.22,8.12,8.18,9737921,79654685.0
2026-02-27 10:45:00,600110,2026-02-27,10:45:00,15,8.18,8.22,8.17,8.17,6092300,49887685.0
2026-02-27 11:00:00,600110,2026-02-27,11:00:00,15,8.17,8.19,8.13,8.14,6506754,53017989.0
2026-02-27 11:15:00,600110,2026-02-27,11:15:00,15,8.14,8.17,8.13,8.14,4401100,35851854.0
2026-02-27 11:30:00,600110,2026-02-27,11:30:00,15,8.14,8.15,8.09,8.11,5795831,47056833.0
2026-02-27 13:15:00,600110,2026-02-27,13:15:00,15,8.09,8.19,8.09,8.16,7698000,62658831.0
2026-02-27 13:30:00,600110,2026-02-27,13:30:00,15,8.15,8.22,8.15,8.21,6658800,54537454.0
2026-02-27 13:45:00,600110,2026-02-27,13:45:00,15,8.21,8.33,8.21,8.31,7597800,62983737.0
2026-02-27 14:00:00,600110,2026-02-27,14:00:00,15,8.31,8.33,8.29,8.31,6125500,50896057.0
2026-02-27 14:15:00,600110,2026-02-27,14:15:00,15,8.31,8.38,8.31,8.32,7856200,65546864.0
2026-02-27 14:30:00,600110,2026-02-27,14:30:00,15,8.33,8.33,8.3,8.32,2561700,21292414.0
2026-02-27 14:45:00,600110,2026-02-27,14:45:00,15,8.32,8.39,8.3,8.39,9498118,79256832.0
2026-02-27 15:00:00,600110,2026-02-27,15:00:00,15,8.39,8.4,8.35,8.39,10340495,86649495.0
2026-03-02 09:45:00,600110,2026-03-02,09:45:00,15,8.13,8.68,8.13,8.6,43024600,365887461.0
2026-03-02 10:00:00,600110,2026-03-02,10:00:00,15,8.62,8.62,8.44,8.49,17346275,147508346.0
2026-03-02 10:15:00,600110,2026-03-02,10:15:00,15,8.49,8.54,8.39,8.4,12336925,104204579.0
2026-03-02 10:30:00,600110,2026-03-02,10:30:00,15,8.4,8.41,8.34,8.39,7859306,65795976.0
2026-03-02 10:45:00,600110,2026-03-02,10:45:00,15,8.38,8.64,8.36,8.61,12059109,102797570.0
2026-03-02 11:00:00,600110,2026-03-02,11:00:00,15,8.6,8.64,8.56,8.57,6213500,53448119.0
2026-03-02 11:15:00,600110,2026-03-02,11:15:00,15,8.56,8.57,8.51,8.53,4428300,37807859.0
2026-03-02 11:30:00,600110,2026-03-02,11:30:00,15,8.53,8.55,8.46,8.52,4124700,35104198.0
2026-03-02 13:15:00,600110,2026-03-02,13:15:00,15,8.51,8.68,8.49,8.59,9295300,80098088.0
2026-03-02 13:30:00,600110,2026-03-02,13:30:00,15,8.58,8.59,8.54,8.55,2898600,24818542.0
2026-03-02 13:45:00,600110,2026-03-02,13:45:00,15,8.55,8.55,8.51,8.53,2345900,20004344.0
2026-03-02 14:00:00,600110,2026-03-02,14:00:00,15,8.52,8.53,8.45,8.45,3609900,30659732.0
2026-03-02 14:15:00,600110,2026-03-02,14:15:00,15,8.46,8.48,8.43,8.46,3897900,32975947.0
2026-03-02 14:30:00,600110,2026-03-02,14:30:00,15,8.46,8.48,8.45,8.47,3253600,27543706.0
2026-03-02 14:45:00,600110,2026-03-02,14:45:00,15,8.47,8.48,8.44,8.46,5080100,42971000.0
2026-03-02 15:00:00,600110,2026-03-02,15:00:00,15,8.46,8.49,8.46,8.47,7889364,66827791.0
2026-03-03 09:45:00,600110,2026-03-03,09:45:00,15,8.64,8.8,8.2,8.32,34935200,294504734.0
2026-03-03 10:00:00,600110,2026-03-03,10:00:00,15,8.32,8.37,8.16,8.24,14466600,119236103.0
2026-03-03 10:15:00,600110,2026-03-03,10:15:00,15,8.23,8.26,8.07,8.09,11866450,96429827.0
2026-03-03 10:30:00,600110,2026-03-03,10:30:00,15,8.09,8.24,8.05,8.21,10520001,85546158.0
2026-03-03 10:45:00,600110,2026-03-03,10:45:00,15,8.21,8.33,8.18,8.28,5484500,45273600.0
2026-03-03 11:00:00,600110,2026-03-03,11:00:00,15,8.28,8.3,8.22,8.27,2415000,19943209.0
2026-03-03 11:15:00,600110,2026-03-03,11:15:00,15,8.28,8.36,8.25,8.25,4117200,34230521.0
2026-03-03 11:30:00,600110,2026-03-03,11:30:00,15,8.25,8.28,8.22,8.26,3847100,31711883.0
2026-03-03 13:15:00,600110,2026-03-03,13:15:00,15,8.25,8.26,8.13,8.18,4214900,34429229.0
2026-03-03 13:30:00,600110,2026-03-03,13:30:00,15,8.18,8.21,8.12,8.14,3992500,32548864.0
2026-03-03 13:45:00,600110,2026-03-03,13:45:00,15,8.14,8.15,8.11,8.13,3792000,30807804.0
2026-03-03 14:00:00,600110,2026-03-03,14:00:00,15,8.13,8.17,8.08,8.1,4168000,33797103.0
2026-03-03 14:15:00,600110,2026-03-03,14:15:00,15,8.1,8.1,8.06,8.07,6567900,53084737.0
2026-03-03 14:30:00,600110,2026-03-03,14:30:00,15,8.07,8.08,7.98,8.08,9775600,78480485.0
2026-03-03 14:45:00,600110,2026-03-03,14:45:00,15,8.08,8.09,7.99,7.99,6178700,49536770.0
2026-03-03 15:00:00,600110,2026-03-03,15:00:00,15,7.99,8.05,7.97,7.98,9782600,78200978.0
2026-03-04 09:45:00,600110,2026-03-04,09:45:00,15,7.75,8.05,7.75,7.98,21412400,169381249.0
2026-03-04 10:00:00,600110,2026-03-04,10:00:00,15,7.96,8.12,7.94,8.11,11766900,94496674.0
2026-03-04 10:15:00,600110,2026-03-04,10:15:00,15,8.09,8.11,8.05,8.09,6184996,49974477.0
2026-03-04 10:30:00,600110,2026-03-04,10:30:00,15,8.1,8.15,7.99,8.01,7263804,58677549.0
2026-03-04 10:45:00,600110,2026-03-04,10:45:00,15,8.01,8.04,7.94,7.97,4643300,37105956.0
2026-03-04 11:00:00,600110,2026-03-04,11:00:00,15,7.97,8.0,7.92,7.93,2176400,17322757.0
2026-03-04 11:15:00,600110,2026-03-04,11:15:00,15,7.93,7.93,7.87,7.91,4245700,33512970.0
2026-03-04 11:30:00,600110,2026-03-04,11:30:00,15,7.91,7.93,7.88,7.9,1898300,14997741.0
2026-03-04 13:15:00,600110,2026-03-04,13:15:00,15,7.89,7.91,7.82,7.86,5312742,41800247.0
2026-03-04 13:30:00,600110,2026-03-04,13:30:00,15,7.86,7.91,7.82,7.86,3114300,24472363.0
2026-03-04 13:45:00,600110,2026-03-04,13:45:00,15,7.86,7.95,7.86,7.87,2600100,20565205.0
2026-03-04 14:00:00,600110,2026-03-04,14:00:00,15,7.88,7.91,7.87,7.89,1813900,14326244.0
2026-03-04 14:15:00,600110,2026-03-04,14:15:00,15,7.9,7.9,7.82,7.83,4216100,33073939.0
2026-03-04 14:30:00,600110,2026-03-04,14:30:00,15,7.82,7.88,7.82,7.85,2385900,18725264.0
2026-03-04 14:45:00,600110,2026-03-04,14:45:00,15,7.85,7.86,7.82,7.84,3489210,27356200.0
2026-03-04 15:00:00,600110,2026-03-04,15:00:00,15,7.84,7.9,7.82,7.88,6550600,51406816.0
2026-03-05 09:45:00,600110,2026-03-05,09:45:00,15,8.06,8.12,7.98,8.0,15874000,127801680.0
2026-03-05 10:00:00,600110,2026-03-05,10:00:00,15,8.0,8.07,7.96,7.98,6289900,50393075.0
2026-03-05 10:15:00,600110,2026-03-05,10:15:00,15,7.98,8.05,7.97,8.02,3285000,26319396.0
2026-03-05 10:30:00,600110,2026-03-05,10:30:00,15,8.02,8.04,7.96,7.98,3023400,24187359.0
2026-03-05 10:45:00,600110,2026-03-05,10:45:00,15,7.97,8.01,7.92,7.94,3687100,29326465.0
2026-03-05 11:00:00,600110,2026-03-05,11:00:00,15,7.95,7.98,7.93,7.97,1943506,15475124.0
2026-03-05 11:15:00,600110,2026-03-05,11:15:00,15,7.97,8.01,7.93,7.96,1903300,15169295.0
2026-03-05 11:30:00,600110,2026-03-05,11:30:00,15,7.95,7.98,7.93,7.93,1541700,12253132.0
2026-03-05 13:15:00,600110,2026-03-05,13:15:00,15,7.93,7.97,7.88,7.94,3507100,27753351.0
2026-03-05 13:30:00,600110,2026-03-05,13:30:00,15,7.94,7.96,7.93,7.96,1300800,10335232.0
2026-03-05 13:45:00,600110,2026-03-05,13:45:00,15,7.96,7.96,7.91,7.93,1440700,11423887.0
2026-03-05 14:00:00,600110,2026-03-05,14:00:00,15,7.92,7.93,7.87,7.87,3223300,25437307.0
2026-03-05 14:15:00,600110,2026-03-05,14:15:00,15,7.87,7.88,7.8,7.81,4299500,33682758.0
2026-03-05 14:30:00,600110,2026-03-05,14:30:00,15,7.81,7.84,7.78,7.83,5235686,40874635.0
2026-03-05 14:45:00,600110,2026-03-05,14:45:00,15,7.83,7.84,7.79,7.83,2641500,20643561.0
2026-03-05 15:00:00,600110,2026-03-05,15:00:00,15,7.83,7.87,7.81,7.84,5650366,44249896.0
2026-03-06 09:45:00,600110,2026-03-06,09:45:00,15,7.77,7.84,7.52,7.56,19633500,149643480.0
2026-03-06 10:00:00,600110,2026-03-06,10:00:00,15,7.56,7.67,7.52,7.57,9024000,68493979.0
2026-03-06 10:15:00,600110,2026-03-06,10:15:00,15,7.56,7.75,7.56,7.72,6353305,48660010.0
2026-03-06 10:30:00,600110,2026-03-06,10:30:00,15,7.72,7.74,7.68,7.69,3114300,24013515.0
2026-03-06 10:45:00,600110,2026-03-06,10:45:00,15,7.7,7.74,7.68,7.73,1745901,13468770.0
2026-03-06 11:00:00,600110,2026-03-06,11:00:00,15,7.74,7.79,7.73,7.74,2529400,19637020.0
2026-03-06 11:15:00,600110,2026-03-06,11:15:00,15,7.74,7.78,7.74,7.77,1409800,10943619.0
2026-03-06 11:30:00,600110,2026-03-06,11:30:00,15,7.77,7.79,7.76,7.77,1475100,11463562.0
2026-03-06 13:15:00,600110,2026-03-06,13:15:00,15,7.77,7.77,7.69,7.73,2483105,19182447.0
2026-03-06 13:30:00,600110,2026-03-06,13:30:00,15,7.73,7.83,7.73,7.76,3193600,24868257.0
2026-03-06 13:45:00,600110,2026-03-06,13:45:00,15,7.76,7.81,7.75,7.78,1681200,13069946.0
2026-03-06 14:00:00,600110,2026-03-06,14:00:00,15,7.78,7.79,7.76,7.78,1695400,13182956.0
2026-03-06 14:15:00,600110,2026-03-06,14:15:00,15,7.77,7.77,7.74,7.74,1905600,14787560.0
2026-03-06 14:30:00,600110,2026-03-06,14:30:00,15,7.74,7.77,7.7,7.71,2865600,22150531.0
2026-03-06 14:45:00,600110,2026-03-06,14:45:00,15,7.71,7.73,7.7,7.73,2760500,21300396.0
2026-03-06 15:00:00,600110,2026-03-06,15:00:00,15,7.73,7.76,7.71,7.73,5471400,42272566.0
2026-03-09 09:45:00,600110,2026-03-09,09:45:00,15,7.53,7.53,7.3,7.33,27160100,201201964.0
2026-03-09 10:00:00,600110,2026-03-09,10:00:00,15,7.33,7.33,7.17,7.19,12602200,91161746.0
2026-03-09 10:15:00,600110,2026-03-09,10:15:00,15,7.18,7.29,7.14,7.26,9991900,71835759.0
2026-03-09 10:30:00,600110,2026-03-09,10:30:00,15,7.26,7.29,7.2,7.26,3960700,28706386.0
2026-03-09 10:45:00,600110,2026-03-09,10:45:00,15,7.26,7.33,7.24,7.3,3887582,28310722.0
2026-03-09 11:00:00,600110,2026-03-09,11:00:00,15,7.3,7.35,7.28,7.32,2284300,16679064.0
2026-03-09 11:15:00,600110,2026-03-09,11:15:00,15,7.33,7.36,7.3,7.31,3300900,24188564.0
2026-03-09 11:30:00,600110,2026-03-09,11:30:00,15,7.31,7.37,7.31,7.35,1730800,12699291.0
2026-03-09 13:15:00,600110,2026-03-09,13:15:00,15,7.35,7.41,7.33,7.35,3639000,26850936.0
2026-03-09 13:30:00,600110,2026-03-09,13:30:00,15,7.36,7.38,7.33,7.38,1577700,11606154.0
2026-03-09 13:45:00,600110,2026-03-09,13:45:00,15,7.38,7.41,7.35,7.38,1954300,14433495.0
2026-03-09 14:00:00,600110,2026-03-09,14:00:00,15,7.38,7.42,7.38,7.4,1876000,13880430.0
2026-03-09 14:15:00,600110,2026-03-09,14:15:00,15,7.4,7.46,7.4,7.45,3007500,22355875.0
2026-03-09 14:30:00,600110,2026-03-09,14:30:00,15,7.45,7.46,7.4,7.44,2121500,15774674.0
2026-03-09 14:45:00,600110,2026-03-09,14:45:00,15,7.44,7.45,7.41,7.42,2696305,20041161.0
2026-03-09 15:00:00,600110,2026-03-09,15:00:00,15,7.43,7.43,7.39,7.43,4906600,36365973.0
2026-03-10 09:45:00,600110,2026-03-10,09:45:00,15,7.52,7.76,7.52,7.74,18969700,144268823.0
2026-03-10 10:00:00,600110,2026-03-10,10:00:00,15,7.73,7.87,7.73,7.82,19744889,153934931.0
2026-03-10 10:15:00,600110,2026-03-10,10:15:00,15,7.83,7.84,7.73,7.78,6657800,51860546.0
2026-03-10 10:30:00,600110,2026-03-10,10:30:00,15,7.78,7.9,7.77,7.81,7508896,58831045.0
2026-03-10 10:45:00,600110,2026-03-10,10:45:00,15,7.8,7.87,7.78,7.83,2792989,21836620.0
2026-03-10 11:00:00,600110,2026-03-10,11:00:00,15,7.83,7.83,7.74,7.76,2518800,19583279.0
2026-03-10 11:15:00,600110,2026-03-10,11:15:00,15,7.76,7.77,7.68,7.68,2735301,21130031.0
2026-03-10 11:30:00,600110,2026-03-10,11:30:00,15,7.68,7.73,7.66,7.71,2390100,18403512.0
2026-03-10 13:15:00,600110,2026-03-10,13:15:00,15,7.72,7.73,7.67,7.73,2475900,19074939.0
2026-03-10 13:30:00,600110,2026-03-10,13:30:00,15,7.72,7.79,7.72,7.74,4220300,32837538.0
2026-03-10 13:45:00,600110,2026-03-10,13:45:00,15,7.75,7.76,7.74,7.76,1264700,9803537.0
2026-03-10 14:00:00,600110,2026-03-10,14:00:00,15,7.76,7.76,7.74,7.76,1333100,10330052.0
2026-03-10 14:15:00,600110,2026-03-10,14:15:00,15,7.76,7.76,7.73,7.74,1863900,14439780.0
2026-03-10 14:30:00,600110,2026-03-10,14:30:00,15,7.74,7.75,7.71,7.73,3179900,24582637.0
2026-03-10 14:45:00,600110,2026-03-10,14:45:00,15,7.74,7.75,7.72,7.75,2924400,22627386.0
2026-03-10 15:00:00,600110,2026-03-10,15:00:00,15,7.74,7.75,7.73,7.74,5230495,40505471.0
2026-03-11 09:45:00,600110,2026-03-11,09:45:00,15,7.74,8.14,7.7,8.07,33665100,267399251.0
2026-03-11 10:00:00,600110,2026-03-11,10:00:00,15,8.07,8.07,7.92,7.97,11121400,88990176.0
2026-03-11 10:15:00,600110,2026-03-11,10:15:00,15,7.96,8.07,7.96,8.04,8282150,66418479.0
2026-03-11 10:30:00,600110,2026-03-11,10:30:00,15,8.04,8.12,8.02,8.1,8275400,66765669.0
2026-03-11 10:45:00,600110,2026-03-11,10:45:00,15,8.11,8.13,8.05,8.11,5298100,42884331.0
2026-03-11 11:00:00,600110,2026-03-11,11:00:00,15,8.12,8.28,8.12,8.19,18188514,149357695.0
2026-03-11 11:15:00,600110,2026-03-11,11:15:00,15,8.2,8.3,8.14,8.29,8533200,70039639.0
2026-03-11 11:30:00,600110,2026-03-11,11:30:00,15,8.29,8.46,8.28,8.32,20280869,169758196.0
2026-03-11 13:15:00,600110,2026-03-11,13:15:00,15,8.33,8.38,8.23,8.24,8639100,71756939.0
2026-03-11 13:30:00,600110,2026-03-11,13:30:00,15,8.25,8.28,8.2,8.26,4819600,39700169.0
2026-03-11 13:45:00,600110,2026-03-11,13:45:00,15,8.26,8.26,8.23,8.24,2759500,22745353.0
2026-03-11 14:00:00,600110,2026-03-11,14:00:00,15,8.23,8.25,8.21,8.21,2554300,21020079.0
2026-03-11 14:15:00,600110,2026-03-11,14:15:00,15,8.21,8.23,8.18,8.2,4149670,34000725.0
2026-03-11 14:30:00,600110,2026-03-11,14:30:00,15,8.21,8.23,8.18,8.23,3063500,25143908.0
2026-03-11 14:45:00,600110,2026-03-11,14:45:00,15,8.23,8.24,8.19,8.2,6978100,57339024.0
2026-03-11 15:00:00,600110,2026-03-11,15:00:00,15,8.19,8.21,8.19,8.2,8920400,73149679.0
2026-03-12 09:45:00,600110,2026-03-12,09:45:00,15,8.15,8.23,8.08,8.18,27566700,224525353.0
2026-03-12 10:00:00,600110,2026-03-12,10:00:00,15,8.19,8.29,8.17,8.2,12212280,100474491.0
2026-03-12 10:15:00,600110,2026-03-12,10:15:00,15,8.2,8.37,8.2,8.34,12044582,99849555.0
2026-03-12 10:30:00,600110,2026-03-12,10:30:00,15,8.33,8.41,8.25,8.27,9643300,80256105.0
2026-03-12 10:45:00,600110,2026-03-12,10:45:00,15,8.28,8.32,8.22,8.25,6224400,51468840.0
2026-03-12 11:00:00,600110,2026-03-12,11:00:00,15,8.26,8.27,8.22,8.26,2900800,23904490.0
2026-03-12 11:15:00,600110,2026-03-12,11:15:00,15,8.25,8.26,8.2,8.21,2938100,24166779.0
2026-03-12 11:30:00,600110,2026-03-12,11:30:00,15,8.21,8.24,8.2,8.2,2236600,18372715.0
2026-03-12 13:15:00,600110,2026-03-12,13:15:00,15,8.21,8.23,8.14,8.16,3960900,32399670.0
2026-03-12 13:30:00,600110,2026-03-12,13:30:00,15,8.15,8.18,8.14,8.15,2182400,17804404.0
2026-03-12 13:45:00,600110,2026-03-12,13:45:00,15,8.15,8.23,8.15,8.21,3017100,24697027.0
2026-03-12 14:00:00,600110,2026-03-12,14:00:00,15,8.22,8.22,8.18,8.2,2391000,19609977.0
2026-03-12 14:15:00,600110,2026-03-12,14:15:00,15,8.2,8.22,8.16,8.2,3085700,25295299.0
2026-03-12 14:30:00,600110,2026-03-12,14:30:00,15,8.19,8.22,8.18,8.21,2553700,20932436.0
2026-03-12 14:45:00,600110,2026-03-12,14:45:00,15,8.21,8.24,8.19,8.24,4148100,34101488.0
2026-03-12 15:00:00,600110,2026-03-12,15:00:00,15,8.23,8.24,8.2,8.22,7729844,63545006.0
2026-03-13 09:45:00,600110,2026-03-13,09:45:00,15,8.13,8.26,8.03,8.12,16372800,133412335.0
2026-03-13 10:00:00,600110,2026-03-13,10:00:00,15,8.14,8.33,8.14,8.26,17587933,145093373.0
2026-03-13 10:15:00,600110,2026-03-13,10:15:00,15,8.27,8.38,8.24,8.35,14404796,119990366.0
2026-03-13 10:30:00,600110,2026-03-13,10:30:00,15,8.34,8.42,8.33,8.38,9669702,81095152.0
2026-03-13 10:45:00,600110,2026-03-13,10:45:00,15,8.38,8.65,8.37,8.6,27460851,234684534.0
2026-03-13 11:00:00,600110,2026-03-13,11:00:00,15,8.6,8.63,8.48,8.57,10281300,87970083.0
2026-03-13 11:15:00,600110,2026-03-13,11:15:00,15,8.57,8.59,8.51,8.51,5117600,43750542.0
2026-03-13 11:30:00,600110,2026-03-13,11:30:00,15,8.51,8.52,8.46,8.46,4672650,39686285.0
2026-03-13 13:15:00,600110,2026-03-13,13:15:00,15,8.47,8.47,8.4,8.41,5025700,42349279.0
2026-03-13 13:30:00,600110,2026-03-13,13:30:00,15,8.41,8.45,8.39,8.41,4870900,40995335.0
2026-03-13 13:45:00,600110,2026-03-13,13:45:00,15,8.41,8.44,8.4,8.43,3103300,26116589.0
2026-03-13 14:00:00,600110,2026-03-13,14:00:00,15,8.43,8.46,8.38,8.39,4945342,41599257.0
2026-03-13 14:15:00,600110,2026-03-13,14:15:00,15,8.38,8.39,8.35,8.36,5548400,46422979.0
2026-03-13 14:30:00,600110,2026-03-13,14:30:00,15,8.36,8.37,8.33,8.34,4263700,35600806.0
2026-03-13 14:45:00,600110,2026-03-13,14:45:00,15,8.34,8.36,8.31,8.31,6019500,50172690.0
2026-03-13 15:00:00,600110,2026-03-13,15:00:00,15,8.31,8.35,8.29,8.34,10378300,86341267.0
2026-03-16 09:45:00,600110,2026-03-16,09:45:00,15,8.27,8.43,8.18,8.33,29599600,245560899.0
2026-03-16 10:00:00,600110,2026-03-16,10:00:00,15,8.36,8.43,8.29,8.34,12928099,108050536.0
2026-03-16 10:15:00,600110,2026-03-16,10:15:00,15,8.34,8.45,8.31,8.36,12340900,103567571.0
2026-03-16 10:30:00,600110,2026-03-16,10:30:00,15,8.36,8.45,8.3,8.31,7510700,62906687.0
2026-03-16 10:45:00,600110,2026-03-16,10:45:00,15,8.31,8.34,8.27,8.29,5987400,49723107.0
2026-03-16 11:00:00,600110,2026-03-16,11:00:00,15,8.29,8.32,8.27,8.31,3237433,26838161.0
2026-03-16 11:15:00,600110,2026-03-16,11:15:00,15,8.3,8.31,8.23,8.25,4825467,39853493.0
2026-03-16 11:30:00,600110,2026-03-16,11:30:00,15,8.25,8.29,8.24,8.27,2541800,21004891.0
2026-03-16 13:15:00,600110,2026-03-16,13:15:00,15,8.27,8.31,8.24,8.26,4579600,37867304.0
2026-03-16 13:30:00,600110,2026-03-16,13:30:00,15,8.26,8.39,8.26,8.32,7896600,65996490.0
2026-03-16 13:45:00,600110,2026-03-16,13:45:00,15,8.33,8.35,8.31,8.34,2449900,20404019.0
2026-03-16 14:00:00,600110,2026-03-16,14:00:00,15,8.33,8.35,8.29,8.31,2263900,18816889.0
2026-03-16 14:15:00,600110,2026-03-16,14:15:00,15,8.31,8.34,8.29,8.32,2822700,23473704.0
2026-03-16 14:30:00,600110,2026-03-16,14:30:00,15,8.31,8.39,8.31,8.36,4474100,37379965.0
2026-03-16 14:45:00,600110,2026-03-16,14:45:00,15,8.35,8.37,8.33,8.34,4440600,37055594.0
2026-03-16 15:00:00,600110,2026-03-16,15:00:00,15,8.33,8.37,8.33,8.37,8820500,73666164.0
2026-03-17 09:45:00,600110,2026-03-17,09:45:00,15,8.44,8.61,8.28,8.33,35226400,297061872.0
2026-03-17 10:00:00,600110,2026-03-17,10:00:00,15,8.34,8.34,8.26,8.32,10400900,86331069.0
2026-03-17 10:15:00,600110,2026-03-17,10:15:00,15,8.32,8.37,8.25,8.29,7127300,59123359.0
2026-03-17 10:30:00,600110,2026-03-17,10:30:00,15,8.28,8.31,8.24,8.27,5270800,43580000.0
2026-03-17 10:45:00,600110,2026-03-17,10:45:00,15,8.28,8.33,8.25,8.32,3921800,32507867.0
2026-03-17 11:00:00,600110,2026-03-17,11:00:00,15,8.32,8.32,8.26,8.27,2079700,17223388.0
2026-03-17 11:15:00,600110,2026-03-17,11:15:00,15,8.27,8.28,8.24,8.25,4232400,34936404.0
2026-03-17 11:30:00,600110,2026-03-17,11:30:00,15,8.25,8.28,8.21,8.22,4341800,35723192.0
2026-03-17 13:15:00,600110,2026-03-17,13:15:00,15,8.22,8.29,8.2,8.2,5241972,43094152.0
2026-03-17 13:30:00,600110,2026-03-17,13:30:00,15,8.2,8.22,8.17,8.17,4151500,34014236.0
2026-03-17 13:45:00,600110,2026-03-17,13:45:00,15,8.17,8.19,8.13,8.16,6476192,52851352.0
2026-03-17 14:00:00,600110,2026-03-17,14:00:00,15,8.15,8.16,8.11,8.11,5521681,44879331.0
2026-03-17 14:15:00,600110,2026-03-17,14:15:00,15,8.12,8.13,8.07,8.08,9416547,76204672.0
2026-03-17 14:30:00,600110,2026-03-17,14:30:00,15,8.08,8.1,8.03,8.03,7611418,61336819.0
2026-03-17 14:45:00,600110,2026-03-17,14:45:00,15,8.03,8.06,8.02,8.03,9014000,72438360.0
2026-03-17 15:00:00,600110,2026-03-17,15:00:00,15,8.02,8.04,8.0,8.01,9656106,77441179.0
2026-03-18 09:45:00,600110,2026-03-18,09:45:00,15,8.16,8.16,7.84,7.97,19576708,155416004.0
2026-03-18 10:00:00,600110,2026-03-18,10:00:00,15,7.97,7.97,7.88,7.92,6894700,54657239.0
2026-03-18 10:15:00,600110,2026-03-18,10:15:00,15,7.92,8.11,7.92,8.11,7749700,62131265.0
2026-03-18 10:30:00,600110,2026-03-18,10:30:00,15,8.1,8.31,8.09,8.15,16125000,132466331.0
2026-03-18 10:45:00,600110,2026-03-18,10:45:00,15,8.15,8.31,8.14,8.22,11079500,91327480.0
2026-03-18 11:00:00,600110,2026-03-18,11:00:00,15,8.22,8.24,8.12,8.14,6792200,55453533.0
2026-03-18 11:15:00,600110,2026-03-18,11:15:00,15,8.15,8.17,8.12,8.14,2732000,22247921.0
2026-03-18 11:30:00,600110,2026-03-18,11:30:00,15,8.13,8.15,8.09,8.11,2160800,17539948.0
2026-03-18 13:15:00,600110,2026-03-18,13:15:00,15,8.11,8.17,8.03,8.04,4732300,38265947.0
2026-03-18 13:30:00,600110,2026-03-18,13:30:00,15,8.04,8.06,8.01,8.03,2145500,17240131.0
2026-03-18 13:45:00,600110,2026-03-18,13:45:00,15,8.02,8.06,8.01,8.05,1824000,14649670.0
2026-03-18 14:00:00,600110,2026-03-18,14:00:00,15,8.05,8.08,8.03,8.04,1543400,12422547.0
2026-03-18 14:15:00,600110,2026-03-18,14:15:00,15,8.03,8.08,8.03,8.06,2046800,16487400.0
2026-03-18 14:30:00,600110,2026-03-18,14:30:00,15,8.06,8.13,8.05,8.12,2496200,20202675.0
2026-03-18 14:45:00,600110,2026-03-18,14:45:00,15,8.12,8.12,8.06,8.07,4866700,39295935.0
2026-03-18 15:00:00,600110,2026-03-18,15:00:00,15,8.07,8.1,8.06,8.1,4901161,39629557.0
2026-03-19 09:45:00,600110,2026-03-19,09:45:00,15,8.02,8.06,7.89,7.96,15250598,121322171.0
2026-03-19 10:00:00,600110,2026-03-19,10:00:00,15,7.96,7.99,7.87,7.87,9769900,77454459.0
2026-03-19 10:15:00,600110,2026-03-19,10:15:00,15,7.87,7.94,7.75,7.76,13080185,102406579.0
2026-03-19 10:30:00,600110,2026-03-19,10:30:00,15,7.76,7.81,7.75,7.8,6191300,48115659.0
2026-03-19 10:45:00,600110,2026-03-19,10:45:00,15,7.8,7.86,7.77,7.8,3356700,26223787.0
2026-03-19 11:00:00,600110,2026-03-19,11:00:00,15,7.8,7.84,7.78,7.84,2409200,18792780.0
2026-03-19 11:15:00,600110,2026-03-19,11:15:00,15,7.84,7.92,7.79,7.79,3390300,26645078.0
2026-03-19 11:30:00,600110,2026-03-19,11:30:00,15,7.79,7.82,7.77,7.8,1989600,15491979.0
2026-03-19 13:15:00,600110,2026-03-19,13:15:00,15,7.8,7.8,7.71,7.72,5339500,41314776.0
2026-03-19 13:30:00,600110,2026-03-19,13:30:00,15,7.73,7.73,7.67,7.68,4701700,36203367.0
2026-03-19 13:45:00,600110,2026-03-19,13:45:00,15,7.67,7.7,7.64,7.65,3659600,28047304.0
2026-03-19 14:00:00,600110,2026-03-19,14:00:00,15,7.65,7.73,7.64,7.7,3751400,28819831.0
2026-03-19 14:15:00,600110,2026-03-19,14:15:00,15,7.7,7.77,7.67,7.71,3153100,24333855.0
2026-03-19 14:30:00,600110,2026-03-19,14:30:00,15,7.71,7.73,7.67,7.67,2532700,19479732.0
2026-03-19 14:45:00,600110,2026-03-19,14:45:00,15,7.67,7.69,7.63,7.63,4595000,35184382.0
2026-03-19 15:00:00,600110,2026-03-19,15:00:00,15,7.63,7.68,7.63,7.67,6853300,52457344.0
2026-03-20 09:45:00,600110,2026-03-20,09:45:00,15,7.82,7.95,7.8,7.89,21965600,173157644.0
2026-03-20 10:00:00,600110,2026-03-20,10:00:00,15,7.9,7.97,7.69,7.75,13066969,102068453.0
2026-03-20 10:15:00,600110,2026-03-20,10:15:00,15,7.76,7.82,7.7,7.71,5036400,39039840.0
2026-03-20 10:30:00,600110,2026-03-20,10:30:00,15,7.72,7.84,7.69,7.79,5042400,39188641.0
2026-03-20 10:45:00,600110,2026-03-20,10:45:00,15,7.79,7.93,7.75,7.91,4796000,37551525.0
2026-03-20 11:00:00,600110,2026-03-20,11:00:00,15,7.9,8.06,7.83,7.85,14886900,118542958.0
2026-03-20 11:15:00,600110,2026-03-20,11:15:00,15,7.85,7.98,7.82,7.95,4494700,35432679.0
2026-03-20 11:30:00,600110,2026-03-20,11:30:00,15,7.95,8.25,7.95,8.09,18696400,151750872.0
2026-03-20 13:15:00,600110,2026-03-20,13:15:00,15,8.09,8.09,8.0,8.05,6712300,54044147.0
2026-03-20 13:30:00,600110,2026-03-20,13:30:00,15,8.05,8.05,7.94,7.95,5011200,40052588.0
2026-03-20 13:45:00,600110,2026-03-20,13:45:00,15,7.95,7.96,7.9,7.9,3420000,27123543.0
2026-03-20 14:00:00,600110,2026-03-20,14:00:00,15,7.9,7.92,7.87,7.9,3583500,28267100.0
2026-03-20 14:15:00,600110,2026-03-20,14:15:00,15,7.88,7.93,7.88,7.91,3739900,29566924.0
2026-03-20 14:30:00,600110,2026-03-20,14:30:00,15,7.91,7.93,7.87,7.87,3056192,24135798.0
2026-03-20 14:45:00,600110,2026-03-20,14:45:00,15,7.87,7.88,7.81,7.81,4599908,36048482.0
2026-03-20 15:00:00,600110,2026-03-20,15:00:00,15,7.81,7.83,7.76,7.78,7039400,54860371.0
2026-03-23 09:45:00,600110,2026-03-23,09:45:00,15,7.7,7.94,7.65,7.82,25566305,199189003.0
2026-03-23 10:00:00,600110,2026-03-23,10:00:00,15,7.81,7.91,7.73,7.89,13178500,103092600.0
2026-03-23 10:15:00,600110,2026-03-23,10:15:00,15,7.88,8.02,7.85,7.88,13542900,107535069.0
2026-03-23 10:30:00,600110,2026-03-23,10:30:00,15,7.88,7.89,7.77,7.77,7287300,57300752.0
2026-03-23 10:45:00,600110,2026-03-23,10:45:00,15,7.78,7.78,7.7,7.75,7253200,56044683.0
2026-03-23 11:00:00,600110,2026-03-23,11:00:00,15,7.75,7.75,7.67,7.71,4314400,33244753.0
2026-03-23 11:15:00,600110,2026-03-23,11:15:00,15,7.7,7.71,7.63,7.64,3791098,29049764.0
2026-03-23 11:30:00,600110,2026-03-23,11:30:00,15,7.63,7.66,7.61,7.62,3757100,28663414.0
2026-03-23 13:15:00,600110,2026-03-23,13:15:00,15,7.62,7.69,7.55,7.6,5649900,43002242.0
2026-03-23 13:30:00,600110,2026-03-23,13:30:00,15,7.6,7.6,7.51,7.51,5590500,42173340.0
2026-03-23 13:45:00,600110,2026-03-23,13:45:00,15,7.51,7.57,7.46,7.46,4684096,35182092.0
2026-03-23 14:00:00,600110,2026-03-23,14:00:00,15,7.46,7.53,7.44,7.5,4200700,31418632.0
2026-03-23 14:15:00,600110,2026-03-23,14:15:00,15,7.5,7.5,7.38,7.38,4675100,34719091.0
2026-03-23 14:30:00,600110,2026-03-23,14:30:00,15,7.39,7.48,7.34,7.43,6154600,45574516.0
2026-03-23 14:45:00,600110,2026-03-23,14:45:00,15,7.43,7.43,7.34,7.37,5615600,41422723.0
2026-03-23 15:00:00,600110,2026-03-23,15:00:00,15,7.36,7.4,7.26,7.38,11758410,85803015.0
2026-03-24 09:45:00,600110,2026-03-24,09:45:00,15,7.55,7.56,7.31,7.34,17680400,131941927.0
2026-03-24 10:00:00,600110,2026-03-24,10:00:00,15,7.34,7.36,7.23,7.23,11382000,83137532.0
2026-03-24 10:15:00,600110,2026-03-24,10:15:00,15,7.23,7.27,7.11,7.11,11765400,84711312.0
2026-03-24 10:30:00,600110,2026-03-24,10:30:00,15,7.1,7.23,7.06,7.23,8466800,60270414.0
2026-03-24 10:45:00,600110,2026-03-24,10:45:00,15,7.23,7.37,7.23,7.37,6120700,44717369.0
2026-03-24 11:00:00,600110,2026-03-24,11:00:00,15,7.36,7.4,7.31,7.36,3052100,22460349.0
2026-03-24 11:15:00,600110,2026-03-24,11:15:00,15,7.35,7.42,7.35,7.39,4482000,33076578.0
2026-03-24 11:30:00,600110,2026-03-24,11:30:00,15,7.39,7.43,7.34,7.37,2864100,21106617.0
2026-03-24 13:15:00,600110,2026-03-24,13:15:00,15,7.37,7.53,7.32,7.39,8857500,65761756.0
2026-03-24 13:30:00,600110,2026-03-24,13:30:00,15,7.39,7.44,7.34,7.35,2712200,20045529.0
2026-03-24 13:45:00,600110,2026-03-24,13:45:00,15,7.35,7.45,7.35,7.41,3752600,27796490.0
2026-03-24 14:00:00,600110,2026-03-24,14:00:00,15,7.41,7.43,7.39,7.41,1087100,8054985.0
2026-03-24 14:15:00,600110,2026-03-24,14:15:00,15,7.41,7.55,7.4,7.55,6765998,50781289.0
2026-03-24 14:30:00,600110,2026-03-24,14:30:00,15,7.55,7.82,7.55,7.79,19035890,146996699.0
2026-03-24 14:45:00,600110,2026-03-24,14:45:00,15,7.79,7.81,7.73,7.77,7701200,59843640.0
2026-03-24 15:00:00,600110,2026-03-24,15:00:00,15,7.77,7.92,7.77,7.83,13305513,104456011.0
2026-03-25 09:45:00,600110,2026-03-25,09:45:00,15,7.81,7.86,7.72,7.8,15021805,117296441.0
2026-03-25 10:00:00,600110,2026-03-25,10:00:00,15,7.81,7.96,7.8,7.89,11285200,89074915.0
2026-03-25 10:15:00,600110,2026-03-25,10:15:00,15,7.89,7.92,7.85,7.91,5393200,42527860.0
2026-03-25 10:30:00,600110,2026-03-25,10:30:00,15,7.91,7.93,7.86,7.88,5054000,39923987.0
2026-03-25 10:45:00,600110,2026-03-25,10:45:00,15,7.88,7.92,7.82,7.88,4988022,39235466.0
2026-03-25 11:00:00,600110,2026-03-25,11:00:00,15,7.9,7.92,7.88,7.91,3043400,24054702.0
2026-03-25 11:15:00,600110,2026-03-25,11:15:00,15,7.92,7.92,7.85,7.87,2816500,22190729.0
2026-03-25 11:30:00,600110,2026-03-25,11:30:00,15,7.86,7.89,7.82,7.84,2721900,21359277.0
2026-03-25 13:15:00,600110,2026-03-25,13:15:00,15,7.84,7.97,7.81,7.92,7622500,60315747.0
2026-03-25 13:30:00,600110,2026-03-25,13:30:00,15,7.93,7.97,7.91,7.92,3874500,30790310.0
2026-03-25 13:45:00,600110,2026-03-25,13:45:00,15,7.92,7.92,7.85,7.9,4908800,38687586.0
2026-03-25 14:00:00,600110,2026-03-25,14:00:00,15,7.9,7.91,7.84,7.85,2631000,20706036.0
2026-03-25 14:15:00,600110,2026-03-25,14:15:00,15,7.86,7.89,7.82,7.83,2708300,21263829.0
2026-03-25 14:30:00,600110,2026-03-25,14:30:00,15,7.83,7.87,7.82,7.85,1985600,15582098.0
2026-03-25 14:45:00,600110,2026-03-25,14:45:00,15,7.86,7.86,7.84,7.84,2888600,22676187.0
2026-03-25 15:00:00,600110,2026-03-25,15:00:00,15,7.85,7.87,7.84,7.86,5264651,41345655.0
2026-03-26 09:45:00,600110,2026-03-26,09:45:00,15,7.8,7.9,7.73,7.81,12793156,99674634.0
2026-03-26 10:00:00,600110,2026-03-26,10:00:00,15,7.81,8.06,7.81,8.05,17736300,141068160.0
2026-03-26 10:15:00,600110,2026-03-26,10:15:00,15,8.05,8.3,8.02,8.17,36947584,301063067.0
2026-03-26 10:30:00,600110,2026-03-26,10:30:00,15,8.18,8.18,8.03,8.05,13619100,110457477.0
2026-03-26 10:45:00,600110,2026-03-26,10:45:00,15,8.05,8.09,8.0,8.01,7744111,62197890.0
2026-03-26 11:00:00,600110,2026-03-26,11:00:00,15,8.01,8.03,7.97,7.97,4375701,35013284.0
2026-03-26 11:15:00,600110,2026-03-26,11:15:00,15,7.99,8.06,7.98,8.04,3206400,25719775.0
2026-03-26 11:30:00,600110,2026-03-26,11:30:00,15,8.03,8.03,7.97,7.98,2764200,22095890.0
2026-03-26 13:15:00,600110,2026-03-26,13:15:00,15,7.98,7.99,7.87,7.88,6797399,53836373.0
2026-03-26 13:30:00,600110,2026-03-26,13:30:00,15,7.87,7.95,7.87,7.93,5450000,43124502.0
2026-03-26 13:45:00,600110,2026-03-26,13:45:00,15,7.93,7.96,7.9,7.94,3541900,28081588.0
2026-03-26 14:00:00,600110,2026-03-26,14:00:00,15,7.93,7.93,7.89,7.89,2288400,18116113.0
2026-03-26 14:15:00,600110,2026-03-26,14:15:00,15,7.9,7.92,7.88,7.88,2871000,22676861.0
2026-03-26 14:30:00,600110,2026-03-26,14:30:00,15,7.88,7.89,7.86,7.87,2855900,22482104.0
2026-03-26 14:45:00,600110,2026-03-26,14:45:00,15,7.86,7.89,7.84,7.85,5209500,40949479.0
2026-03-26 15:00:00,600110,2026-03-26,15:00:00,15,7.85,7.87,7.83,7.87,8258700,64916614.0
2026-03-27 09:45:00,600110,2026-03-27,09:45:00,15,7.7,7.89,7.65,7.8,20973500,162942175.0
2026-03-27 10:00:00,600110,2026-03-27,10:00:00,15,7.79,7.82,7.72,7.77,7778100,60350109.0
2026-03-27 10:15:00,600110,2026-03-27,10:15:00,15,7.78,7.99,7.76,7.93,11161500,88258081.0
2026-03-27 10:30:00,600110,2026-03-27,10:30:00,15,7.92,8.03,7.84,8.02,7439700,59084415.0
2026-03-27 10:45:00,600110,2026-03-27,10:45:00,15,8.02,8.15,7.99,8.15,20801861,168337265.0
2026-03-27 11:00:00,600110,2026-03-27,11:00:00,15,8.15,8.23,8.05,8.06,13139198,107050647.0
2026-03-27 11:15:00,600110,2026-03-27,11:15:00,15,8.05,8.16,8.05,8.15,7006300,56832437.0
2026-03-27 11:30:00,600110,2026-03-27,11:30:00,15,8.15,8.66,8.11,8.66,61755348,521086698.0
2026-03-27 13:15:00,600110,2026-03-27,13:15:00,15,8.66,8.66,8.66,8.66,14564022,126124431.0
2026-03-27 13:30:00,600110,2026-03-27,13:30:00,15,8.66,8.66,8.66,8.66,3542435,30677487.0
2026-03-27 13:45:00,600110,2026-03-27,13:45:00,15,8.66,8.66,8.66,8.66,2567300,22232818.0
2026-03-27 14:00:00,600110,2026-03-27,14:00:00,15,8.66,8.66,8.66,8.66,1046300,9060958.0
2026-03-27 14:15:00,600110,2026-03-27,14:15:00,15,8.66,8.66,8.66,8.66,1262100,10929786.0
2026-03-27 14:30:00,600110,2026-03-27,14:30:00,15,8.66,8.66,8.66,8.66,1024200,8869572.0
2026-03-27 14:45:00,600110,2026-03-27,14:45:00,15,8.66,8.66,8.66,8.66,843375,7303627.0
2026-03-27 15:00:00,600110,2026-03-27,15:00:00,15,8.66,8.66,8.66,8.66,1263800,10944508.0
2026-03-30 09:45:00,600110,2026-03-30,09:45:00,15,9.01,9.35,8.79,8.94,127121281,1146237223.0
2026-03-30 10:00:00,600110,2026-03-30,10:00:00,15,8.95,9.1,8.92,8.96,47226200,425221731.0
2026-03-30 10:15:00,600110,2026-03-30,10:15:00,15,8.97,8.97,8.79,8.79,25390900,225016452.0
2026-03-30 10:30:00,600110,2026-03-30,10:30:00,15,8.8,8.88,8.78,8.83,15629124,137768543.0
2026-03-30 10:45:00,600110,2026-03-30,10:45:00,15,8.82,8.93,8.82,8.92,9575200,84858093.0
2026-03-30 11:00:00,600110,2026-03-30,11:00:00,15,8.92,9.01,8.86,8.93,9435400,84420087.0
2026-03-30 11:15:00,600110,2026-03-30,11:15:00,15,8.94,9.08,8.88,8.99,12081900,108463579.0
2026-03-30 11:30:00,600110,2026-03-30,11:30:00,15,8.99,9.08,8.95,9.02,5665000,51081810.0
2026-03-30 13:15:00,600110,2026-03-30,13:15:00,15,9.02,9.19,8.98,9.07,16188100,147283996.0
2026-03-30 13:30:00,600110,2026-03-30,13:30:00,15,9.06,9.1,9.03,9.09,5501932,49827179.0
2026-03-30 13:45:00,600110,2026-03-30,13:45:00,15,9.06,9.15,9.02,9.05,7006350,63688012.0
2026-03-30 14:00:00,600110,2026-03-30,14:00:00,15,9.04,9.14,8.99,9.12,8928200,80901778.0
2026-03-30 14:15:00,600110,2026-03-30,14:15:00,15,9.12,9.16,9.02,9.03,7743600,70337820.0
2026-03-30 14:30:00,600110,2026-03-30,14:30:00,15,9.02,9.1,9.02,9.04,5902400,53466915.0
2026-03-30 14:45:00,600110,2026-03-30,14:45:00,15,9.04,9.07,9.03,9.06,8588600,77697773.0
2026-03-30 15:00:00,600110,2026-03-30,15:00:00,15,9.06,9.1,9.05,9.1,18247932,165618940.0
2026-03-31 09:45:00,600110,2026-03-31,09:45:00,15,9.08,9.08,8.81,8.9,49472600,440759329.0
2026-03-31 10:00:00,600110,2026-03-31,10:00:00,15,8.92,9.05,8.83,8.93,17097551,152975152.0
2026-03-31 10:15:00,600110,2026-03-31,10:15:00,15,8.93,9.0,8.85,8.95,14739900,131322494.0
2026-03-31 10:30:00,600110,2026-03-31,10:30:00,15,8.94,8.96,8.89,8.89,6107700,54467789.0
2026-03-31 10:45:00,600110,2026-03-31,10:45:00,15,8.89,8.95,8.83,8.86,9788989,86916494.0
2026-03-31 11:00:00,600110,2026-03-31,11:00:00,15,8.88,8.88,8.8,8.82,10031934,88486204.0
2026-03-31 11:15:00,600110,2026-03-31,11:15:00,15,8.82,8.85,8.76,8.79,10097100,88827930.0
2026-03-31 11:30:00,600110,2026-03-31,11:30:00,15,8.8,8.82,8.75,8.79,6503600,57084007.0
2026-03-31 13:15:00,600110,2026-03-31,13:15:00,15,8.78,8.86,8.75,8.76,7080500,62238982.0
2026-03-31 13:30:00,600110,2026-03-31,13:30:00,15,8.77,8.93,8.75,8.88,12028439,106635368.0
2026-03-31 13:45:00,600110,2026-03-31,13:45:00,15,8.87,9.48,8.83,9.19,75315566,700123824.0
2026-03-31 14:00:00,600110,2026-03-31,14:00:00,15,9.19,9.35,9.18,9.24,21135100,195582738.0
2026-03-31 14:15:00,600110,2026-03-31,14:15:00,15,9.25,9.25,9.15,9.2,11513010,105890799.0
2026-03-31 14:30:00,600110,2026-03-31,14:30:00,15,9.2,9.2,9.1,9.12,11768000,107603821.0
2026-03-31 14:45:00,600110,2026-03-31,14:45:00,15,9.12,9.45,9.11,9.18,38260682,355405978.0
2026-03-31 15:00:00,600110,2026-03-31,15:00:00,15,9.18,9.22,9.13,9.22,26810709,246054392.0
2026-04-01 09:45:00,600110,2026-04-01,09:45:00,15,9.25,9.83,9.21,9.55,125811418,1196299029.0
2026-04-01 10:00:00,600110,2026-04-01,10:00:00,15,9.55,9.7,9.36,9.36,42904554,409648628.0
2026-04-01 10:15:00,600110,2026-04-01,10:15:00,15,9.36,9.49,9.35,9.38,19059814,179307473.0
2026-04-01 10:30:00,600110,2026-04-01,10:30:00,15,9.38,9.41,9.27,9.38,20718600,193434763.0
2026-04-01 10:45:00,600110,2026-04-01,10:45:00,15,9.38,9.5,9.32,9.38,11234896,105617081.0
2026-04-01 11:00:00,600110,2026-04-01,11:00:00,15,9.38,9.38,9.19,9.2,15459632,143378495.0
2026-04-01 11:15:00,600110,2026-04-01,11:15:00,15,9.19,9.24,9.1,9.17,15532946,142333610.0
2026-04-01 11:30:00,600110,2026-04-01,11:30:00,15,9.17,9.22,9.07,9.08,11088700,101195349.0
2026-04-01 13:15:00,600110,2026-04-01,13:15:00,15,9.09,9.14,9.03,9.08,9036284,82124437.0
2026-04-01 13:30:00,600110,2026-04-01,13:30:00,15,9.09,9.12,9.02,9.05,7441600,67481742.0
2026-04-01 13:45:00,600110,2026-04-01,13:45:00,15,9.07,9.21,9.07,9.11,6317907,57728465.0
2026-04-01 14:00:00,600110,2026-04-01,14:00:00,15,9.11,9.13,9.07,9.08,4476300,40702970.0
2026-04-01 14:15:00,600110,2026-04-01,14:15:00,15,9.08,9.32,9.06,9.2,12667675,116771698.0
2026-04-01 14:30:00,600110,2026-04-01,14:30:00,15,9.2,9.23,9.12,9.12,5313100,48807040.0
2026-04-01 14:45:00,600110,2026-04-01,14:45:00,15,9.13,9.13,9.05,9.06,9352240,84926961.0
2026-04-01 15:00:00,600110,2026-04-01,15:00:00,15,9.06,9.14,9.04,9.08,20356423,184758264.0
