date,open,high,low,close,volume
2020-01-02,4.84864955,4.94740005,4.82889945,4.9177749,5511585
2020-01-03,4.9177749,4.9177749,4.86839965,4.88814975,3152600
2020-01-06,4.8387745,4.937525,4.8190244,4.8980248,2701678
2020-01-07,4.90789985,5.0362755,4.8980248,5.00665035,5261346
2020-01-08,4.98690025,5.0165254,4.8585246,4.8585246,4920300
2020-01-09,4.8980248,4.9770252,4.88814975,4.9177749,3530008
2020-01-10,4.90789985,4.98690025,4.8190244,4.8585246,3267971
2020-01-13,4.8585246,4.8782747,4.7795242,4.86839965,2292901
2020-01-14,4.8980248,4.9177749,4.8190244,4.8190244,3679900
2020-01-15,4.8387745,4.88814975,4.76964915,4.7992743,2770900
2020-01-16,4.7992743,4.80914935,4.740024,4.740024,2499500
2020-01-17,4.76964915,4.78939925,4.71039885,4.7202739,1988331
2020-01-20,4.74989905,4.78939925,4.7202739,4.7795242,1899485
2020-01-21,4.8387745,4.8387745,4.73014895,4.740024,2362500
2020-01-22,4.740024,4.8190244,4.6807737,4.7992743,2403039
2020-01-23,4.78939925,4.80914935,4.5820232,4.65114855,3220671
2020-02-03,4.1870212,4.1870212,4.1870212,4.1870212,540000
2020-02-04,3.7722691,4.147521,3.7722691,4.0290204,6148858
2020-02-05,3.9895202,4.147521,3.95989505,4.07839565,4040566
2020-02-06,4.07839565,4.15739605,4.0092703,4.147521,5238641
2020-02-07,4.1277709,4.2265214,4.09814575,4.17714615,4587895
2020-02-10,4.1277709,4.2462715,4.1277709,4.2462715,3588150
2020-02-11,4.27589665,4.2857717,4.21664635,4.21664635,2294700
2020-02-12,4.2265214,4.3055218,4.21664635,4.29564675,3172502
2020-02-13,4.31539685,4.33514695,4.2462715,4.2660216,3075746
2020-02-14,4.25614655,4.29564675,4.2462715,4.2660216,2809196
2020-02-17,4.25614655,4.45364755,4.25614655,4.41414735,6276335
2020-02-18,4.4240224,4.45364755,4.3647721,4.43389745,3660213
2020-02-19,4.4240224,4.4437725,4.345022,4.3845222,3525603
2020-02-20,4.3845222,4.47339765,4.37464715,4.4635226,4423527
2020-02-21,4.43389745,4.49314775,4.4240224,4.4635226,4977695
2020-02-24,4.45364755,4.4635226,4.39439725,4.45364755,4283525
2020-02-25,4.37464715,4.57214815,4.29564675,4.5030228,6942141
2020-02-26,4.4437725,4.59189825,4.4042723,4.542523,6025603
2020-02-27,4.55239805,4.59189825,4.47339765,4.5227729,3928760
2020-02-28,4.4437725,4.4437725,4.2067713,4.3647721,5733877
2020-03-02,4.345022,4.5820232,4.345022,4.5622731,6489405
2020-03-03,4.67089865,4.7005238,4.51289785,4.55239805,9224832
2020-03-04,4.5030228,4.55239805,4.45364755,4.55239805,4400088
2020-03-05,4.6017733,4.6610236,4.542523,4.61164835,6672101
2020-03-06,4.57214815,4.76964915,4.53264795,4.6807737,8284370
2020-03-09,4.61164835,4.8387745,4.57214815,4.76964915,11899682
2020-03-10,4.7005238,4.8980248,4.4437725,4.7795242,9086030
2020-03-11,4.74989905,4.8585246,4.6412735,4.740024,7805466
2020-03-12,4.59189825,4.71039885,4.542523,4.5622731,6187810
2020-03-13,4.29564675,4.4832727,4.147521,4.43389745,8511624
2020-03-16,4.49314775,4.63139845,4.345022,4.345022,8144643
2020-03-17,4.3647721,4.4832727,4.15739605,4.4240224,5657191
2020-03-18,4.4240224,4.4832727,4.25614655,4.25614655,3953600
2020-03-19,4.2462715,4.33514695,4.2067713,4.31539685,4523500
2020-03-20,4.33514695,4.3647721,4.2462715,4.33514695,2664248
2020-03-23,4.27589665,4.27589665,4.1672711,4.17714615,3268996
2020-03-24,4.21664635,4.2660216,4.1672711,4.23639645,2783596
2020-03-25,4.29564675,4.33514695,4.25614655,4.3252719,3723720
2020-03-26,4.2857717,4.33514695,4.2660216,4.27589665,2477700
2020-03-27,4.3055218,4.35489705,4.25614655,4.2660216,2663242
2020-03-30,4.23639645,4.23639645,4.0685206,4.13764595,3135102
2020-03-31,4.147521,4.17714615,4.1080208,4.1672711,1735800
2020-04-01,4.19689625,4.23639645,4.13764595,4.1672711,1913500
2020-04-02,4.17714615,4.21664635,4.11789585,4.21664635,2311801
2020-04-03,4.21664635,4.2660216,4.1870212,4.21664635,1907800
2020-04-07,4.27589665,4.31539685,4.25614655,4.27589665,2864916
2020-04-08,4.25614655,4.3252719,4.25614655,4.31539685,2325714
2020-04-09,4.3252719,4.3845222,4.3055218,4.33514695,2628300
2020-04-10,4.345022,4.345022,4.2067713,4.2265214,2636453
2020-04-13,4.2265214,4.3252719,4.1277709,4.29564675,3447570
2020-04-14,4.29564675,4.345022,4.2660216,4.345022,2269835
2020-04-15,4.345022,4.345022,4.25614655,4.27589665,2018902
2020-04-16,4.23639645,4.31539685,4.23639645,4.29564675,1436460
2020-04-17,4.3252719,4.345022,4.2462715,4.2462715,1897236
2020-04-20,4.25614655,4.2660216,4.19689625,4.2462715,1772836
2020-04-21,4.27589665,4.29564675,4.1672711,4.2265214,1579700
2020-04-22,4.1870212,4.27589665,4.147521,4.27589665,2213800
2020-04-23,4.27589665,4.27589665,4.19689625,4.21664635,2157000
2020-04-24,4.2067713,4.2067713,4.09814575,4.1277709,2804100
2020-04-27,4.15739605,4.19689625,4.09814575,4.11789585,1866402
2020-04-28,4.09814575,4.11789585,3.90064475,4.0092703,2295082
2020-04-29,4.0487705,4.0882707,3.9105198,4.0487705,1934525
2020-04-30,4.0882707,4.147521,4.05864555,4.1277709,2054573
2020-05-06,4.0882707,4.1672711,4.07839565,4.1672711,1833410
2020-05-07,4.1672711,4.17714615,4.09814575,4.1277709,1852501
2020-05-08,4.147521,4.1870212,4.09814575,4.15739605,1578972
2020-05-11,4.15739605,4.1870212,4.09814575,4.1277709,2329171
2020-05-12,4.1277709,4.1277709,4.01914535,4.09814575,2070504
2020-05-13,4.03889545,4.0882707,4.03889545,4.07839565,1656300
2020-05-14,4.07839565,4.07839565,4.01914535,4.03889545,1994500
2020-05-15,4.03889545,4.0685206,4.01914535,4.0290204,1929718
2020-05-18,4.0487705,4.0487705,3.99939525,4.01914535,1374257
2020-05-19,4.0290204,4.0685206,4.01914535,4.03889545,1540883
2020-05-20,4.0487705,4.0487705,3.99939525,4.0487705,1761600
2020-05-21,4.0487705,4.1080208,4.0290204,4.0685206,2769800
2020-05-22,4.0487705,4.0882707,3.97964515,4.01914535,2023496
2020-05-25,4.0092703,4.0092703,3.95002,4.0092703,1654700
2020-05-26,4.03889545,4.0882707,4.0092703,4.0882707,2305290
2020-05-27,4.0882707,4.1080208,4.01914535,4.0290204,2754734
2020-05-28,4.05864555,4.0685206,3.95989505,4.03889545,1891505
2020-05-29,4.0290204,4.1080208,3.9895202,4.03889545,2490671
2020-06-01,4.0882707,4.1277709,4.03889545,4.1080208,2664736
2020-06-02,4.1277709,4.2265214,4.09814575,4.2067713,4148568
2020-06-03,4.1672711,4.3647721,4.15739605,4.2067713,4697089
2020-06-04,4.23639645,4.33514695,4.19689625,4.21664635,3471217
2020-06-05,4.21664635,4.2462715,4.11789585,4.19689625,3777010
2020-06-08,4.19689625,4.29564675,4.13764595,4.1672711,2704200
2020-06-09,4.2462715,4.2462715,4.1672711,4.21664635,1799400
2020-06-10,4.2067713,4.21664635,4.1080208,4.147521,2215388
2020-06-11,4.147521,4.19689625,4.11789585,4.17714615,2426932
2020-06-12,4.1080208,4.1672711,4.0685206,4.11789585,2152733
2020-06-15,4.1080208,4.1672711,4.09814575,4.1080208,1969516
2020-06-16,4.1080208,4.15739605,4.1080208,4.147521,1492419
2020-06-17,4.1277709,4.147521,4.09814575,4.147521,1830441
2020-06-18,4.13764595,4.15739605,4.1080208,4.147521,1375981
2020-06-19,4.147521,4.1870212,4.1277709,4.1672711,1709568
2020-06-22,4.17714615,4.17714615,4.13764595,4.15739605,1939294
2020-06-23,4.15739605,4.1672711,4.0882707,4.147521,2088309
2020-06-24,4.1277709,4.147521,4.09814575,4.09814575,1274930
2020-06-29,4.1080208,4.1080208,4.01914535,4.03889545,1990880
2020-06-30,4.05864555,4.1080208,4.01914535,4.07839565,2140800
2020-07-01,4.07839565,4.1080208,4.0290204,4.05864555,1982841
2020-07-02,4.05864555,4.1277709,4.0487705,4.11789585,3053871
2020-07-03,4.147521,4.17714615,4.1277709,4.1672711,3018008
2020-07-06,4.19689625,4.3055218,4.1870212,4.29564675,5416934
2020-07-07,4.31539685,4.35489705,4.23639645,4.29564675,6006189
2020-07-08,4.31539685,4.39439725,4.25614655,4.3845222,6142897
2020-07-09,4.37464715,4.4635226,4.35489705,4.4437725,6754099
2020-07-10,4.41414735,4.43389745,4.33514695,4.3647721,6189482
2020-07-13,4.39439725,4.47339765,4.3647721,4.45364755,8401336
2020-07-14,4.45364755,4.5227729,4.4042723,4.4832727,8469950
2020-07-15,4.4635226,4.49314775,4.33514695,4.33514695,7133579
2020-07-16,4.345022,4.41414735,4.2660216,4.2660216,5781399
2020-07-17,4.33514695,4.35489705,4.2462715,4.3055218,3436610
2020-07-20,4.3252719,4.45364755,4.31539685,4.4437725,7943501
2020-07-21,4.4437725,4.57214815,4.43389745,4.5030228,7251468
2020-07-22,4.47339765,4.57214815,4.45364755,4.49314775,5367921
2020-07-23,4.47339765,4.49314775,4.33514695,4.4635226,5217110
2020-07-24,4.4635226,4.4635226,4.3055218,4.345022,3545300
2020-07-27,4.345022,4.4042723,4.29564675,4.3647721,2993834
2020-07-28,4.39439725,4.45364755,4.3647721,4.4240224,3113812
2020-07-29,4.4042723,4.47339765,4.35489705,4.4635226,3702407
2020-07-30,4.47339765,4.51289785,4.45364755,4.47339765,4694240
2020-07-31,4.4635226,4.59189825,4.4635226,4.59189825,7045706
2020-08-03,4.6017733,4.65114855,4.5622731,4.63139845,7458471
2020-08-04,4.6017733,4.67089865,4.5820232,4.6215234,6125272
2020-08-05,4.61164835,4.6412735,4.5622731,4.6215234,4406794
2020-08-06,4.63139845,4.6412735,4.51289785,4.57214815,4737126
2020-08-07,4.55239805,4.57214815,4.4042723,4.51289785,3825537
2020-08-10,4.49314775,4.6215234,4.47339765,4.57214815,4000110
2020-08-11,4.57214815,4.61164835,4.4437725,4.4635226,4783401
2020-08-12,4.5030228,4.51289785,4.3845222,4.4832727,4167948
2020-08-13,4.4832727,4.63139845,4.45364755,4.57214815,4629400
2020-08-14,4.57214815,4.63139845,4.5030228,4.6215234,4015002
2020-08-17,4.61164835,4.67089865,4.5820232,4.67089865,5017201
2020-08-18,4.70077544,4.70077544,4.60118274,4.63106055,4082601
2020-08-19,4.63106055,4.8800423,4.60118274,4.79040887,16124867
2020-08-20,4.80036814,4.80036814,4.66093836,4.70077544,7933107
2020-08-21,4.70077544,4.73065325,4.63106055,4.65097909,5117058
2020-08-24,4.64101982,4.70077544,4.5812642,4.66093836,3744965
2020-08-25,4.66093836,4.67089763,4.61114201,4.63106055,2728238
2020-08-26,4.62110128,4.66093836,4.54142712,4.60118274,2974800
2020-08-27,4.60118274,4.72069398,4.56134566,4.70077544,4218000
2020-08-28,4.69081617,4.76053106,4.64101982,4.72069398,3469935
2020-08-31,4.74061252,4.74061252,4.64101982,4.66093836,4187442
2020-09-01,4.66093836,4.73065325,4.65097909,4.72069398,3417239
2020-09-02,4.72069398,4.76053106,4.66093836,4.74061252,4574901
2020-09-03,4.77049033,4.86012376,4.6808569,4.72069398,7222400
2020-09-04,4.63106055,4.82028668,4.60118274,4.76053106,5030400
2020-09-07,4.75057179,4.83024595,4.69081617,4.72069398,5180600
2020-09-08,4.73065325,4.80036814,4.69081617,4.80036814,4341700
2020-09-09,4.7804496,4.8800423,4.71073471,4.72069398,6386619
2020-09-10,4.71073471,4.79040887,4.47171223,4.51154931,7605400
2020-09-11,4.47171223,4.5812642,4.44183442,4.54142712,4683401
2020-09-14,4.53146785,4.62110128,4.52150858,4.5812642,3164907
2020-09-15,4.57130493,4.60118274,4.47171223,4.51154931,3528501
2020-09-16,4.51154931,4.54142712,4.46175296,4.53146785,2120198
2020-09-17,4.54142712,4.60118274,4.47171223,4.56134566,2307200
2020-09-18,4.53146785,4.63106055,4.53146785,4.63106055,3290601
2020-09-21,4.71073471,4.71073471,4.56134566,4.59122347,4228900
2020-09-22,4.56134566,4.57130493,4.4816715,4.51154931,2446500
2020-09-23,4.51154931,4.59122347,4.50159004,4.57130493,2370936
2020-09-24,4.54142712,4.54142712,4.39203807,4.41195661,3012300
2020-09-25,4.42191588,4.43187515,4.29244537,4.33228245,2170100
2020-09-28,4.31236391,4.37211953,4.19285267,4.22273048,2377388
2020-09-29,4.23268975,4.34224172,4.1828934,4.24264902,2494441
2020-09-30,4.2824861,4.29244537,4.17293413,4.24264902,2936500
2020-10-09,4.2824861,4.42191588,4.2824861,4.36216026,3085427
2020-10-12,4.36216026,4.4816715,4.36216026,4.45179369,2750353
2020-10-13,4.46175296,4.4816715,4.40199734,4.45179369,3389300
2020-10-14,4.44183442,4.44183442,4.35220099,4.3820788,2168001
2020-10-15,4.3820788,4.39203807,4.30240464,4.32232318,2366226
2020-10-16,4.34224172,4.40199734,4.33228245,4.39203807,2671401
2020-10-19,4.39203807,4.4816715,4.35220099,4.41195661,3211500
2020-10-20,4.41195661,4.4816715,4.36216026,4.47171223,2449463
2020-10-21,4.46175296,4.46175296,4.34224172,4.3820788,3507800
2020-10-22,4.36216026,4.3820788,4.32232318,4.34224172,1761100
2020-10-23,4.34224172,4.40199734,4.29244537,4.33228245,2053220
2020-10-26,4.33228245,4.37211953,4.29244537,4.35220099,1944425
2020-10-27,4.35220099,4.36216026,4.29244537,4.31236391,2702400
2020-10-28,4.31236391,4.32232318,4.23268975,4.30240464,2374000
2020-10-29,4.27252683,4.32232318,4.24264902,4.26256756,2510666
2020-10-30,4.26256756,4.2824861,4.0833007,4.10321924,3581900
2020-11-02,4.12313778,4.13309705,4.04346362,4.07334143,2288100
2020-11-03,4.06338216,4.16297486,4.06338216,4.15301559,2616510
2020-11-04,4.17293413,4.1828934,4.07334143,4.12313778,2048010
2020-11-05,4.13309705,4.21277121,4.13309705,4.17293413,2650160
2020-11-06,4.17293413,4.1828934,4.11317851,4.13309705,2404900
2020-11-09,4.14305632,4.24264902,4.13309705,4.22273048,3174900
2020-11-10,4.24264902,4.24264902,4.12313778,4.14305632,2954400
2020-11-11,4.15301559,4.22273048,4.12313778,4.1828934,2372771
2020-11-12,4.16297486,4.26256756,4.16297486,4.23268975,2606200
2020-11-13,4.21277121,4.26256756,4.17293413,4.22273048,1747600
2020-11-16,4.26256756,4.2824861,4.21277121,4.2824861,2439600
2020-11-17,4.2824861,4.32232318,4.24264902,4.2824861,2217700
2020-11-18,4.30240464,4.33228245,4.24264902,4.27252683,2343400
2020-11-19,4.31236391,4.31236391,4.25260829,4.29244537,1773312
2020-11-20,4.27252683,4.36216026,4.26256756,4.33228245,3090100
2020-11-23,4.32232318,4.42191588,4.32232318,4.34224172,2495802
2020-11-24,4.35220099,4.3820788,4.31236391,4.34224172,1933400
2020-11-25,4.34224172,4.36216026,4.25260829,4.25260829,1996412
2020-11-26,4.27252683,4.30240464,4.23268975,4.26256756,1540702
2020-11-27,4.29244537,4.33228245,4.20281194,4.33228245,2435577
2020-11-30,4.32232318,4.39203807,4.27252683,4.29244537,3077000
2020-12-01,4.32232318,4.3820788,4.2824861,4.37211953,2000902
2020-12-02,4.37211953,4.42191588,4.34224172,4.37211953,2343752
2020-12-03,4.3820788,4.40199734,4.34224172,4.36216026,1656104
2020-12-04,4.36216026,4.43187515,4.33228245,4.39203807,2689641
2020-12-07,4.39203807,4.40199734,4.31236391,4.33228245,1949711
2020-12-08,4.35220099,4.37211953,4.30240464,4.30240464,1186100
2020-12-09,4.31236391,4.31236391,4.19285267,4.22273048,2478058
2020-12-10,4.21277121,4.31236391,4.19285267,4.26256756,2228940
2020-12-11,4.25260829,4.29244537,4.12313778,4.15301559,2521749
2020-12-14,4.19285267,4.27252683,4.11317851,4.26256756,3035690
2020-12-15,4.21277121,4.26256756,4.17293413,4.19285267,2488101
2020-12-16,4.19285267,4.21277121,4.10321924,4.12313778,1615969
2020-12-17,4.10321924,4.17293413,4.07334143,4.17293413,2295801
2020-12-18,4.1828934,4.23268975,4.13309705,4.16297486,1502500
2020-12-21,4.1828934,4.26256756,4.15301559,4.21277121,2066600
2020-12-22,4.21277121,4.23268975,4.10321924,4.11317851,2495200
2020-12-23,4.09325997,4.23268975,4.09325997,4.20281194,2253700
2020-12-24,4.17293413,4.19285267,4.07334143,4.11317851,2802400
2020-12-25,4.0833007,4.26256756,4.0833007,4.24264902,3651488
2020-12-28,4.24264902,4.2824861,4.16297486,4.17293413,3051400
2020-12-29,4.16297486,4.22273048,4.13309705,4.1828934,2199200
2020-12-30,4.21277121,4.24264902,4.16297486,4.19285267,1962002
2020-12-31,4.20281194,4.24264902,4.15301559,4.19285267,2160167
2021-01-04,4.21277121,4.24264902,4.1828934,4.22273048,1964584
2021-01-05,4.20281194,4.22273048,4.13309705,4.14305632,2245700
2021-01-06,4.14305632,4.16297486,4.02354508,4.05342289,3686736
2021-01-07,4.04346362,4.05342289,3.90403384,3.95383019,3328945
2021-01-08,3.95383019,3.96378946,3.83431895,3.91399311,1853560
2021-01-11,3.90403384,3.91399311,3.73472625,3.7845226,3148300
2021-01-12,3.73472625,3.83431895,3.73472625,3.7845226,1956510
2021-01-13,3.77456333,3.77456333,3.61521501,3.66501136,2677016
2021-01-14,3.65505209,3.67497063,3.54550012,3.66501136,2086767
2021-01-15,3.67497063,3.73472625,3.66501136,3.72476698,1768328
2021-01-18,3.71480771,3.79448187,3.71480771,3.74468552,2252155
2021-01-19,3.76460406,3.79448187,3.72476698,3.76460406,2048200
2021-01-20,3.77456333,3.7845226,3.72476698,3.76460406,1016032
2021-01-21,3.76460406,3.80444114,3.74468552,3.7845226,1296110
2021-01-22,3.79448187,3.79448187,3.6849299,3.69488917,1564813
2021-01-25,3.70484844,3.70484844,3.56541866,3.5853372,2054700
2021-01-26,3.55545939,3.61521501,3.53554085,3.56541866,1132285
2021-01-27,3.56541866,3.60525574,3.51562231,3.5853372,1348431
2021-01-28,3.50566304,3.61521501,3.50566304,3.57537793,978531
2021-01-29,3.5853372,3.5853372,3.47578523,3.52558158,1483300
2021-02-01,3.5853372,3.5853372,3.2865591,3.41602961,2355260
2021-02-02,3.42598888,3.47578523,3.37619253,3.41602961,1709200
2021-02-03,3.39611107,3.41602961,3.30647764,3.32639618,1438170
2021-02-04,3.33635545,3.34631472,3.0873737,3.23676275,2193660
2021-02-05,3.24672202,3.31643691,3.19692567,3.21684421,2222610
2021-02-08,3.24672202,3.26664056,3.1869664,3.22680348,1927400
2021-02-09,3.22680348,3.31643691,3.20688494,3.2865591,1878158
2021-02-10,3.31643691,3.36623326,3.29651837,3.34631472,1455500
2021-02-18,3.37619253,3.49570377,3.36623326,3.47578523,2705101
2021-02-19,3.45586669,3.59529647,3.43594815,3.5853372,1996900
2021-02-22,3.60525574,3.75464479,3.60525574,3.65505209,2978050
2021-02-23,3.66501136,3.74468552,3.61521501,3.71480771,2899325
2021-02-24,3.73472625,3.73472625,3.67497063,3.6849299,1533353
2021-02-25,3.70484844,3.70484844,3.5853372,3.59529647,2969600
2021-02-26,3.61521501,3.65505209,3.55545939,3.63513355,1620000
2021-03-01,3.63513355,3.70484844,3.63513355,3.69488917,1443601
2021-03-02,3.69488917,3.72476698,3.62517428,3.64509282,1538972
2021-03-03,3.63513355,3.69488917,3.63513355,3.69488917,1428001
2021-03-04,3.67497063,3.77456333,3.66501136,3.70484844,2185761
2021-03-05,3.69488917,3.84427822,3.6849299,3.82435968,2735961
2021-03-08,3.89407457,3.93391165,3.80444114,3.83431895,2341600
2021-03-09,3.80444114,3.90403384,3.70484844,3.84427822,4386900
2021-03-10,3.80444114,3.91399311,3.75464479,3.81440041,2730819
2021-03-11,3.80444114,3.83431895,3.74468552,3.80444114,2266905
2021-03-12,3.80444114,3.81440041,3.71480771,3.73472625,2861042
2021-03-15,3.73472625,4.03350435,3.73472625,3.91399311,8138062
2021-03-16,3.93391165,3.983708,3.85423749,3.95383019,4876055
2021-03-17,3.91399311,3.96378946,3.85423749,3.87415603,3121051
2021-03-18,3.86419676,3.92395238,3.84427822,3.8841153,2343242
2021-03-19,3.85423749,3.93391165,3.83431895,3.91399311,2379101
2021-03-22,3.90403384,4.00362654,3.89407457,3.96378946,3683655
2021-03-23,3.96378946,3.99366727,3.84427822,3.85423749,2715200
2021-03-24,3.82435968,3.91399311,3.82435968,3.86419676,1907900
2021-03-25,3.86419676,3.91399311,3.73472625,3.73472625,2926800
2021-03-26,3.75464479,3.96378946,3.75464479,3.89407457,3839701
2021-03-29,3.86419676,4.01358581,3.86419676,3.90403384,3719200
2021-03-30,3.95383019,3.95383019,3.82435968,3.85423749,2729001
2021-03-31,3.82435968,3.91399311,3.82435968,3.90403384,1918450
2021-04-01,3.92395238,3.93391165,3.84427822,3.89407457,2366150
2021-04-02,3.90403384,3.93391165,3.81440041,3.84427822,2474000
2021-04-06,3.83431895,3.93391165,3.82435968,3.90403384,2695451
2021-04-07,3.87415603,3.93391165,3.87415603,3.93391165,2297800
2021-04-08,3.93391165,3.93391165,3.84427822,3.84427822,2492501
2021-04-09,3.83431895,3.94387092,3.82435968,3.92395238,2645800
2021-04-12,3.93391165,4.31236391,3.89407457,4.31236391,12042481
2021-04-13,4.74061252,4.74061252,4.74061252,4.74061252,9913423
2021-04-14,4.979635,5.21865748,4.71073471,5.21865748,86756315
2021-04-15,5.06926843,5.4775985,4.70077544,4.82028668,79778749
2021-04-16,4.82028668,5.29833164,4.82028668,5.29833164,81481621
2021-04-19,4.84020522,5.12902405,4.77049033,4.80036814,73466574
2021-04-20,4.59122347,4.65097909,4.40199734,4.44183442,47416778
2021-04-21,4.34224172,4.40199734,4.25260829,4.3820788,29003285
2021-04-22,4.36216026,4.3820788,4.27252683,4.29244537,21565815
2021-04-23,4.33228245,4.3820788,4.16297486,4.1828934,22515821
2021-04-26,4.12313778,4.17293413,4.02354508,4.03350435,19871921
2021-04-27,4.03350435,4.09325997,3.90403384,4.06338216,18400034
2021-04-28,4.03350435,4.05342289,3.97374873,4.01358581,11117600
2021-04-29,3.93391165,3.983708,3.86419676,3.87415603,13031715
2021-04-30,3.84427822,3.85423749,3.69488917,3.77456333,15924200
2021-05-06,3.77456333,3.79448187,3.73472625,3.77456333,7696300
2021-05-07,3.77456333,3.85423749,3.71480771,3.79448187,11435500
2021-05-10,3.80444114,3.87415603,3.74468552,3.84427822,8879100
2021-05-11,3.83431895,3.87415603,3.81440041,3.86419676,7758356
2021-05-12,3.85423749,4.05342289,3.82435968,3.99366727,17595936
2021-05-13,3.983708,4.03350435,3.90403384,3.94387092,10565900
2021-05-14,3.94387092,3.99366727,3.92395238,3.94387092,7779400
2021-05-17,3.94387092,3.95383019,3.83431895,3.83431895,7126901
2021-05-18,3.83431895,3.89407457,3.7845226,3.8841153,5072152
2021-05-19,3.85423749,3.87415603,3.7845226,3.82435968,7453457
2021-05-20,3.84427822,3.89407457,3.79448187,3.79448187,7524500
2021-05-21,3.76460406,3.84427822,3.76460406,3.80444114,5820601
2021-05-24,3.81440041,3.92395238,3.80444114,3.91399311,8737101
2021-05-25,3.90403384,3.92395238,3.85423749,3.91399311,6314300
2021-05-26,3.92395238,3.96378946,3.91399311,3.93391165,5884860
2021-05-27,3.93391165,3.94387092,3.90403384,3.93391165,5455053
2021-05-28,3.92395238,3.95383019,3.89407457,3.93391165,5872800
2021-05-31,3.94387092,3.95383019,3.89407457,3.90403384,4958500
2021-06-01,3.91399311,3.92395238,3.87415603,3.91399311,5858260
2021-06-02,3.91399311,3.96378946,3.89407457,3.92395238,5366100
2021-06-03,3.93391165,3.97374873,3.92395238,3.96378946,6792920
2021-06-04,3.95383019,3.95383019,3.90403384,3.91399311,4557700
2021-06-07,3.91399311,3.94387092,3.87415603,3.90403384,3943200
2021-06-08,3.90403384,3.90403384,3.86419676,3.89407457,4700010
2021-06-09,3.89407457,3.96378946,3.87415603,3.92395238,6146061
2021-06-10,3.92395238,3.93391165,3.90403384,3.93391165,4672300
2021-06-11,3.92395238,3.95383019,3.90403384,3.91399311,4367620
2021-06-15,3.91399311,3.92395238,3.79448187,3.81440041,5521406
2021-06-16,3.82435968,3.83431895,3.7845226,3.7845226,3367000
2021-06-17,3.76460406,3.81440041,3.75464479,3.80444114,3561701
2021-06-18,3.7845226,3.89407457,3.74468552,3.82435968,5250300
2021-06-21,3.82435968,3.85423749,3.7845226,3.82435968,4642000
2021-06-22,3.83431895,3.89407457,3.80444114,3.87415603,5329120
2021-06-23,3.85423749,3.90403384,3.83431895,3.8841153,5411200
2021-06-24,3.85423749,3.97374873,3.85423749,3.92395238,8556700
2021-06-25,3.92395238,3.92395238,3.85423749,3.89407457,4143320
2021-06-28,3.90403384,3.90403384,3.86419676,3.87415603,3639620
2021-06-29,3.86419676,3.87415603,3.81440041,3.82435968,3640820
2021-06-30,3.81440041,3.83431895,3.7845226,3.82435968,3298260
2021-07-01,3.82435968,3.83431895,3.71480771,3.72476698,5247301
2021-07-02,3.72476698,3.86419676,3.70484844,3.81440041,6217603
2021-07-05,3.81440041,3.87415603,3.81440041,3.85423749,4088201
2021-07-06,3.85423749,3.89407457,3.82435968,3.8841153,3665600
2021-07-07,3.87415603,3.93391165,3.85423749,3.90403384,4917400
2021-07-08,3.92395238,3.93391165,3.84427822,3.87415603,4587802
2021-07-09,3.8841153,3.91399311,3.86419676,3.90403384,4879700
2021-07-12,3.89407457,3.95383019,3.8841153,3.91399311,6114100
2021-07-13,3.91399311,3.91399311,3.8841153,3.89407457,3494420
2021-07-14,3.90403384,3.95383019,3.86419676,3.86419676,5233460
2021-07-15,3.87415603,3.87415603,3.75464479,3.81440041,4964620
2021-07-16,3.81440041,3.85423749,3.7845226,3.7845226,3608740
2021-07-19,3.7845226,3.80444114,3.74468552,3.79448187,3148496
2021-07-20,3.7845226,3.81440041,3.75464479,3.80444114,1994600
2021-07-21,3.80444114,3.87415603,3.7845226,3.82435968,2959461
2021-07-22,3.82435968,3.83431895,3.7845226,3.82435968,3342587
2021-07-23,3.80444114,3.82435968,3.75464479,3.77456333,2858800
2021-07-26,3.77456333,3.77456333,3.6849299,3.72476698,3972600
2021-07-27,3.72476698,3.77456333,3.66501136,3.6849299,2468782
2021-07-28,3.6849299,3.71480771,3.50566304,3.52558158,4378262
2021-07-29,3.54550012,3.59529647,3.52558158,3.55545939,2728960
2021-07-30,3.54550012,3.66501136,3.53554085,3.66501136,3552101
2021-08-02,3.63513355,3.72476698,3.62517428,3.71480771,2546800
2021-08-03,3.70484844,3.75464479,3.69488917,3.73472625,2139300
2021-08-04,3.73472625,3.75464479,3.70484844,3.73472625,1805100
2021-08-05,3.72476698,3.72476698,3.67497063,3.71480771,2030810
2021-08-06,3.70484844,3.75464479,3.67497063,3.73472625,2250581
2021-08-09,3.71480771,3.7845226,3.70484844,3.76460406,2718402
2021-08-10,3.7845226,3.8841153,3.73472625,3.85423749,6128092
2021-08-11,3.83431895,3.89407457,3.83431895,3.87415603,3654534
2021-08-12,3.87415603,3.90403384,3.81440041,3.86419676,3480550
2021-08-13,3.85423749,4.03350435,3.83431895,4.02354508,12607686
2021-08-16,4.03350435,4.16297486,3.95383019,3.97374873,11731144
2021-08-17,4.00362654,4.15301559,4.00362654,4.07334143,16905551
2021-08-18,4.04346362,4.07334143,3.96378946,3.99366727,13760355
2021-08-19,4.00362654,4.05342289,3.92395238,4.03350435,10826335
2021-08-20,4.02354508,4.22273048,4.00362654,4.19285267,17144589
2021-08-23,4.24264902,4.25260829,4.09325997,4.22273048,12361892
2021-08-24,4.21277121,4.24264902,4.14305632,4.19285267,10245300
2021-08-25,4.21277121,4.36216026,4.17293413,4.34224172,14093100
2021-08-26,4.2824861,4.4816715,4.25260829,4.39203807,12564699
2021-08-27,4.31236391,4.43187515,4.31236391,4.34224172,7813459
2021-08-30,4.37211953,4.44183442,4.31236391,4.36216026,8998850
2021-08-31,4.36216026,4.56134566,4.32232318,4.43187515,11344390
2021-09-01,4.39203807,4.52150858,4.31236391,4.44183442,12026629
2021-09-02,4.39203807,4.5812642,4.3820788,4.53146785,9443201
2021-09-03,4.52150858,4.71073471,4.51154931,4.55138639,10238501
2021-09-06,4.52150858,4.66093836,4.51154931,4.65097909,10140901
2021-09-07,4.63106055,5.09914624,4.63106055,4.89996084,23673681
2021-09-08,4.8800423,4.96967573,4.81032741,4.8800423,11135898
2021-09-09,4.86012376,5.10910551,4.83024595,4.979635,15030393
2021-09-10,4.95971646,5.01947208,4.73065325,4.79040887,14706400
2021-09-13,4.80036814,4.99955354,4.76053106,4.90992011,14230765
2021-09-14,4.89996084,5.15890186,4.81032741,5.0792277,19816495
2021-09-15,4.99955354,5.21865748,4.92983865,5.06926843,13121120
2021-09-16,5.04934989,5.09914624,4.94975719,4.98959427,9882300
2021-09-17,4.94975719,5.04934989,4.89000157,4.96967573,10137400
2021-09-22,4.95971646,5.04934989,4.79040887,5.02943135,11413232
2021-09-23,4.98959427,5.05930916,4.94975719,5.02943135,7226600
2021-09-24,5.03939062,5.05930916,4.8800423,4.90992011,8445390
2021-09-27,4.86012376,4.90992011,4.42191588,4.55138639,15661960
2021-09-28,4.64101982,5.00951281,4.60118274,5.00951281,16622705
2021-09-29,5.0792277,5.26845383,4.66093836,4.79040887,20051653
2021-09-30,4.82028668,5.11906478,4.7804496,5.05930916,13259355
2021-10-08,5.14894259,5.21865748,4.89996084,5.09914624,12280878
2021-10-11,5.09914624,5.09914624,4.83024595,4.8800423,11280800
2021-10-12,4.90992011,4.94975719,4.66093836,4.72069398,9730888
2021-10-13,4.72069398,4.80036814,4.51154931,4.73065325,10100800
2021-10-14,4.72069398,4.87008303,4.53146785,4.81032741,9915300
2021-10-15,4.8800423,4.90992011,4.64101982,4.81032741,10316510
2021-10-18,4.82028668,5.11906478,4.73065325,5.05930916,14369560
2021-10-19,5.04934989,5.15890186,5.00951281,5.04934989,8583243
2021-10-20,5.08918697,5.09914624,4.96967573,4.98959427,6872705
2021-10-21,4.95971646,5.02943135,4.89000157,4.91987938,6338360
2021-10-22,4.89000157,4.96967573,4.70077544,4.73065325,6931056
2021-10-25,4.75057179,5.20869821,4.71073471,4.8800423,22986400
2021-10-26,4.73065325,4.83024595,4.54142712,4.55138639,15830700
2021-10-27,4.55138639,4.64101982,4.42191588,4.56134566,9892226
2021-10-28,4.52150858,5.01947208,4.51154931,5.01947208,20886329
2021-10-29,5.00951281,5.02943135,4.54142712,4.74061252,31321728
2021-11-01,4.64101982,4.6808569,4.36216026,4.40199734,31413078
2021-11-02,4.37211953,4.41195661,4.07334143,4.11317851,26071369
2021-11-03,4.0833007,4.11317851,3.96378946,4.02354508,16846467
2021-11-04,4.03350435,4.35220099,4.03350435,4.17293413,24304451
2021-11-05,4.14305632,4.15301559,4.03350435,4.04346362,15132001
2021-11-08,4.04346362,4.0833007,3.983708,4.03350435,12032101
2021-11-09,4.03350435,4.0833007,4.00362654,4.05342289,8423700
2021-11-10,4.05342289,4.06338216,3.99366727,4.06338216,8147892
2021-11-11,4.07334143,4.1828934,4.04346362,4.13309705,11150223
2021-11-12,4.13309705,4.17293413,4.09325997,4.15301559,6157229
2021-11-15,4.17293413,4.25260829,4.13309705,4.24264902,8428698
2021-11-16,4.23268975,4.2824861,4.19285267,4.21277121,6449600
2021-11-17,4.21277121,4.34224172,4.1828934,4.32232318,9010588
2021-11-18,4.35220099,4.37211953,4.25260829,4.26256756,6266500
2021-11-19,4.26256756,4.35220099,4.26256756,4.32232318,4906901
2021-11-22,4.33228245,4.3820788,4.27252683,4.31236391,4691000
2021-11-23,4.31236391,4.34224172,4.2824861,4.32232318,4571600
2021-11-24,4.27252683,4.41195661,4.22273048,4.3820788,8549545
2021-11-25,4.36216026,4.49163077,4.34224172,4.42191588,7187600
2021-11-26,4.39203807,4.47171223,4.31236391,4.36216026,4795900
2021-11-29,4.29244537,4.3820788,4.25260829,4.32232318,6034258
2021-11-30,4.35220099,4.52150858,4.30240464,4.44183442,11101500
2021-12-01,4.45179369,4.50159004,4.41195661,4.49163077,5415470
2021-12-02,4.49163077,4.49163077,4.39203807,4.40199734,6259000
2021-12-03,4.42191588,4.52150858,4.40199734,4.46175296,7770300
2021-12-06,4.46175296,4.54142712,4.40199734,4.42191588,6817200
2021-12-07,4.44183442,4.46175296,4.34224172,4.42191588,6379001
2021-12-08,4.42191588,4.44183442,4.35220099,4.37211953,5081302
2021-12-09,4.3820788,4.40199734,4.34224172,4.3820788,5602000
2021-12-10,4.3820788,4.46175296,4.34224172,4.43187515,6610660
2021-12-13,4.44183442,4.49163077,4.37211953,4.40199734,5283000
2021-12-14,4.37211953,4.42191588,4.35220099,4.40199734,4901400
2021-12-15,4.41195661,4.51154931,4.39203807,4.47171223,9789400
2021-12-16,4.47171223,4.60118274,4.47171223,4.5812642,11267255
2021-12-17,4.5812642,4.6808569,4.51154931,4.62110128,10438961
2021-12-20,4.65097909,5.0792277,4.61114201,5.0792277,20979910
2021-12-21,5.1788204,5.58715047,4.89000157,5.58715047,60429252
2021-12-22,5.59710974,5.60706901,5.0792277,5.11906478,56156813
2021-12-23,4.95971646,5.12902405,4.90992011,4.98959427,33442311
2021-12-24,4.979635,5.00951281,4.73065325,4.76053106,23154409
2021-12-27,4.71073471,5.10910551,4.71073471,4.93979792,26919845
2021-12-28,4.96967573,5.00951281,4.79040887,4.84020522,17393200
2021-12-29,4.85016449,4.93979792,4.7804496,4.84020522,12247787
2021-12-30,4.85016449,4.8800423,4.79040887,4.84020522,9941000
2021-12-31,4.90992011,5.0792277,4.89000157,4.91987938,17000000
2022-01-04,4.92983865,5.08918697,4.89000157,5.01947208,17359706
2022-01-05,5.00951281,5.06926843,4.86012376,4.91987938,13441500
2022-01-06,4.96967573,5.40788361,4.93979792,5.40788361,20344960
2022-01-07,5.51743558,5.53735412,5.18877967,5.32820945,41202796
2022-01-10,5.34812799,5.86601003,5.33816872,5.86601003,15819478
2022-01-11,5.96560273,6.30421791,5.56723193,5.6767839,56746217
2022-01-12,5.49751704,5.63694682,5.41784288,5.52739485,29746700
2022-01-13,5.52739485,5.62698755,5.40788361,5.43776142,19740219
2022-01-14,5.39792434,5.45767996,5.26845383,5.2784131,17118192
2022-01-17,5.32820945,5.44772069,5.28837237,5.35808726,14862601
2022-01-18,5.32820945,5.3780058,5.20869821,5.29833164,12971200
2022-01-19,5.34812799,5.56723193,5.28837237,5.46763923,19708949
2022-01-20,5.43776142,5.45767996,4.91987938,4.96967573,27418023
2022-01-21,4.94975719,5.13898332,4.91987938,5.05930916,14039619
2022-01-24,5.05930916,5.11906478,4.85016449,5.02943135,10137681
2022-01-25,5.06926843,5.0792277,4.80036814,4.80036814,8337601
2022-01-26,4.85016449,4.95971646,4.81032741,4.86012376,5638600
2022-01-27,4.86012376,4.89996084,4.70077544,4.72069398,6969600
2022-01-28,4.77049033,4.89000157,4.67089763,4.84020522,7489200
2022-02-07,4.93979792,4.979635,4.7804496,4.91987938,6882284
2022-02-08,4.98959427,5.40788361,4.98959427,5.40788361,13729400
2022-02-09,5.3780058,5.55727266,5.28837237,5.50747631,35667766
2022-02-10,5.36804653,5.71662098,5.32820945,5.55727266,24065911
2022-02-11,5.51743558,5.53735412,5.35808726,5.38796507,15912086
2022-02-14,5.3780058,5.60706901,5.29833164,5.58715047,22249285
2022-02-15,5.5771912,5.58715047,5.38796507,5.56723193,15818901
2022-02-16,5.5771912,5.70666171,5.49751704,5.69670244,20533472
2022-02-17,5.63694682,5.68674317,5.50747631,5.5771912,15642100
2022-02-18,5.52739485,5.59710974,5.48755777,5.53735412,10594378
2022-02-21,5.49751704,5.68674317,5.44772069,5.59710974,12669200
2022-02-22,5.56723193,6.10503251,5.52739485,5.75645806,29871632
2022-02-23,5.76641733,5.80625441,5.62698755,5.6767839,14915601
2022-02-24,5.64690609,6.24446229,5.58715047,5.8759693,47667125
2022-02-25,5.81621368,6.46356623,5.70666171,6.46356623,25065908
2022-02-28,7.11091878,7.11091878,6.09507324,6.13491032,87261705
2022-03-01,5.78633587,6.02535835,5.63694682,5.91580638,55650577
2022-03-02,5.75645806,6.50340331,5.74649879,6.50340331,37177545
2022-03-03,6.72250725,7.15075586,6.65279236,7.15075586,97974501
2022-03-04,6.971489,7.20055221,6.43368842,6.48348477,82889262
2022-03-07,6.20462521,6.48348477,6.08511397,6.29425864,45618609
2022-03-08,6.2743401,6.28429937,5.6767839,5.80625441,40762700
2022-03-09,5.7763766,6.04527689,5.66682463,5.99548054,37253134
2022-03-10,6.0751547,6.12495105,5.79629514,5.975562,37259025
2022-03-11,5.8759693,5.88592857,5.48755777,5.76641733,35516301
2022-03-14,5.72658025,5.75645806,5.45767996,5.45767996,23288801
2022-03-15,5.3780058,5.48755777,5.11906478,5.11906478,21929312
2022-03-16,5.1788204,5.5771912,5.13898332,5.45767996,30256702
2022-03-17,5.45767996,5.59710974,5.41784288,5.5771912,25088536
2022-03-18,5.55727266,5.62698755,5.4775985,5.52739485,18467100
2022-03-21,5.53735412,5.74649879,5.48755777,5.71662098,22294601
2022-03-22,5.72658025,5.73653952,5.61702828,5.65686536,12882931
2022-03-23,5.72658025,5.75645806,5.56723193,5.58715047,11759294
2022-03-24,5.51743558,5.61702828,5.46763923,5.50747631,11266956
2022-03-25,5.4775985,5.58715047,5.43776142,5.52739485,11305486
2022-03-28,5.4775985,5.50747631,5.32820945,5.34812799,11680930
2022-03-29,5.3780058,5.41784288,5.18877967,5.20869821,10307220
2022-03-30,5.25849456,5.29833164,5.18877967,5.28837237,9235520
2022-03-31,5.22861675,5.33816872,5.19873894,5.29833164,8973100
2022-04-01,5.2784131,5.31825018,5.21865748,5.24853529,7365000
2022-04-06,5.28837237,5.66682463,5.26845383,5.52739485,21306190
2022-04-07,5.49751704,5.55727266,5.22861675,5.26845383,14215500
2022-04-08,5.21865748,5.28837237,5.02943135,5.15890186,12286791
2022-04-11,5.0792277,5.15890186,4.98959427,5.02943135,9891090
2022-04-12,5.05930916,5.13898332,4.89996084,5.13898332,8612100
2022-04-13,5.13898332,5.13898332,4.979635,5.04934989,6369230
2022-04-14,5.04934989,5.13898332,5.01947208,5.09914624,7553301
2022-04-15,5.05930916,5.05930916,4.8800423,4.89000157,7609801
2022-04-18,4.84020522,4.94975719,4.76053106,4.86012376,7783200
2022-04-19,4.8800423,5.08918697,4.87008303,5.01947208,8886001
2022-04-20,4.99955354,5.03939062,4.86012376,4.92983865,6075241
2022-04-21,5.42780215,5.42780215,5.28837237,5.42780215,44053291
2022-04-22,5.26845383,5.975562,5.10910551,5.975562,81730561
2022-04-25,5.80625441,5.81621368,5.3780058,5.3780058,33434009
2022-04-26,4.84020522,4.98959427,4.84020522,4.84020522,35335366
2022-04-27,4.35220099,4.72069398,4.35220099,4.51154931,43262900
2022-04-28,4.45179369,4.45179369,4.10321924,4.17293413,30705429
2022-04-29,4.24264902,4.59122347,4.24264902,4.49163077,33520830
2022-05-05,4.51154931,4.6808569,4.3820788,4.59122347,24989295
2022-05-06,4.47171223,4.59122347,4.39203807,4.47171223,17049100
2022-05-09,4.47171223,4.67089763,4.47171223,4.57130493,13190800
2022-05-10,4.52150858,4.65097909,4.46175296,4.64101982,13576800
2022-05-11,4.67089763,4.77049033,4.64101982,4.65097909,17143820
2022-05-12,4.61114201,4.77049033,4.60118274,4.75057179,12111014
2022-05-13,4.70077544,4.80036814,4.70077544,4.80036814,9735700
2022-05-16,4.7804496,4.92983865,4.7804496,4.89000157,12752100
2022-05-17,4.90992011,4.94975719,4.7804496,4.8800423,9990101
2022-05-18,4.87008303,5.02943135,4.81032741,4.94975719,11763702
2022-05-19,4.87008303,5.05930916,4.82028668,4.99955354,11266201
2022-05-20,4.98959427,5.19873894,4.98959427,5.14894259,12594169
2022-05-23,5.1788204,5.19873894,5.0792277,5.18877967,9801711
2022-05-24,5.18877967,5.18877967,4.8800423,4.89000157,12787000
2022-05-25,4.89996084,4.99955354,4.86012376,4.98959427,8132321
2022-05-26,5.02943135,5.04934989,4.89996084,4.99955354,7515145
2022-05-27,4.96967573,5.08918697,4.94975719,5.05930916,10657320
2022-05-30,5.09914624,5.26845383,5.06926843,5.21865748,12906451
2022-05-31,5.22861675,5.29833164,5.18877967,5.21865748,11327620
2022-06-01,5.22861675,5.33816872,5.15890186,5.31825018,8651900
2022-06-02,5.35808726,5.35808726,5.22861675,5.32820945,7399700
2022-06-06,5.32820945,5.36804653,5.26845383,5.34812799,8756200
2022-06-07,5.29833164,5.80625441,5.21865748,5.48755777,28046001
2022-06-08,5.52739485,5.7763766,5.36804653,5.46763923,42740311
2022-06-09,5.3780058,5.83613222,5.22861675,5.46763923,37941531
2022-06-10,5.3780058,6.01539908,5.25849456,5.69670244,48266714
2022-06-13,5.52739485,5.62698755,5.41784288,5.50747631,30675244
2022-06-14,5.3780058,5.40788361,5.13898332,5.3780058,27616313
2022-06-15,5.36804653,5.86601003,5.36804653,5.45767996,32380895
2022-06-16,5.3780058,5.61702828,5.31825018,5.50747631,22738754
2022-06-17,5.45767996,5.60706901,5.34812799,5.38796507,18249600
2022-06-20,5.39792434,5.64690609,5.3780058,5.42780215,16801900
2022-06-21,5.45767996,5.52739485,5.20869821,5.25849456,15301000
2022-06-22,5.26845383,5.42780215,5.15890186,5.19873894,15316190
2022-06-23,5.18877967,5.3780058,5.15890186,5.3780058,13272301
2022-06-24,5.34812799,5.39792434,5.28837237,5.30829091,10410200
2022-06-27,5.30829091,5.35808726,5.26845383,5.30829091,8526481
2022-06-28,5.35808726,5.45767996,5.23857602,5.43776142,14566393
2022-06-29,5.39792434,5.49751704,5.24853529,5.24853529,13890800
2022-06-30,5.24853529,5.30829091,5.20869821,5.22861675,10195900
2022-07-01,5.22861675,5.30829091,5.15890186,5.21865748,9040500
2022-07-04,5.21865748,5.25849456,5.16886113,5.22861675,8867194
2022-07-05,5.23857602,5.38796507,5.16886113,5.2784131,13140879
2022-07-06,5.22861675,5.2784131,5.13898332,5.1788204,8352336
2022-07-07,5.16886113,5.46763923,5.14894259,5.40788361,17876238
2022-07-08,5.43776142,5.70666171,5.35808726,5.50747631,18125123
2022-07-11,5.52739485,5.66682463,5.40788361,5.56723193,16124100
2022-07-12,5.53735412,5.66682463,5.46763923,5.50747631,14247021
2022-07-13,5.54731339,5.74649879,5.50747631,5.73653952,19472569
2022-07-14,5.50747631,5.64690609,5.31825018,5.61702828,20875422
2022-07-15,5.55727266,5.5771912,5.24853529,5.28837237,16727253
2022-07-18,5.30829091,5.81621368,5.30829091,5.62698755,22266001
2022-07-19,5.65686536,5.71662098,5.46763923,5.55727266,15539801
2022-07-20,5.5771912,5.6767839,5.49751704,5.64690609,14014201
2022-07-21,5.60706901,5.90584711,5.56723193,5.70666171,20153400
2022-07-22,5.74649879,5.80625441,5.62698755,5.73653952,14763700
2022-07-25,5.71662098,5.83613222,5.61702828,5.70666171,14763501
2022-07-26,5.6767839,5.70666171,5.51743558,5.68674317,10622820
2022-07-27,5.65686536,5.69670244,5.56723193,5.60706901,8927593
2022-07-28,5.60706901,5.6767839,5.55727266,5.58715047,8794300
2022-07-29,5.5771912,5.82617295,5.56723193,5.63694682,13377381
2022-08-01,5.64690609,5.65686536,5.49751704,5.58715047,8235700
2022-08-02,5.52739485,5.53735412,5.15890186,5.21865748,14207600
2022-08-03,5.21865748,5.52739485,5.1788204,5.22861675,12702200
2022-08-04,5.23857602,5.29833164,5.11906478,5.23857602,10643300
2022-08-05,5.25849456,5.2784131,5.10910551,5.23857602,9500104
2022-08-08,5.19873894,5.26845383,5.10910551,5.24853529,7011100
2022-08-09,5.19873894,5.31825018,5.19873894,5.22861675,6578401
2022-08-10,5.23857602,5.50747631,5.19873894,5.41784288,13253500
2022-08-11,5.42780215,5.7763766,5.39792434,5.64690609,21367565
2022-08-12,5.61702828,5.71662098,5.5771912,5.6767839,10203700
2022-08-15,5.65686536,5.69670244,5.56723193,5.61702828,7368597
2022-08-16,5.64690609,5.95564346,5.64690609,5.79629514,19299419
2022-08-17,5.78633587,5.94568419,5.74649879,5.83613222,14744602
2022-08-18,5.80625441,6.42372915,5.80625441,6.04527689,47927685
2022-08-19,6.16478813,6.65279236,5.975562,6.20462521,51474246
2022-08-22,6.13491032,6.35401426,6.01539908,6.09507324,27095879
2022-08-23,6.09507324,6.15482886,5.98552127,6.09507324,17741354
2022-08-24,6.10503251,6.13491032,5.84609149,5.88592857,17432400
2022-08-25,5.89588784,5.94568419,5.59710974,5.78633587,15279020
2022-08-26,5.78633587,6.12495105,5.75645806,5.84609149,15671401
2022-08-29,5.75645806,6.01539908,5.63694682,5.975562,12254013
2022-08-30,5.975562,6.48348477,5.88592857,6.15482886,26124500
2022-08-31,6.0751547,6.10503251,5.69670244,5.82617295,22202233
2022-09-01,5.88592857,6.25442156,5.70666171,5.74649879,20955553
2022-09-02,5.80625441,6.1747474,5.71662098,6.0751547,31620003
2022-09-05,5.98552127,6.13491032,5.89588784,6.09507324,18573000
2022-09-06,6.08511397,6.08511397,5.89588784,6.04527689,16125405
2022-09-07,6.04527689,6.23450302,6.00543981,6.20462521,21501901
2022-09-08,6.19466594,6.19466594,5.95564346,6.04527689,19491900
2022-09-09,5.99548054,6.0751547,5.60706901,5.75645806,24449300
2022-09-13,5.74649879,5.80625441,5.51743558,5.66682463,15889500
2022-09-14,5.52739485,5.58715047,5.38796507,5.43776142,13348461
2022-09-15,5.55727266,5.98552127,5.52739485,5.75645806,46710909
2022-09-16,5.55727266,5.64690609,5.1788204,5.1788204,34231250
2022-09-19,4.86012376,5.08918697,4.86012376,4.979635,14750639
2022-09-20,4.98959427,5.0792277,4.98959427,5.05930916,9943111
2022-09-21,5.04934989,5.18877967,4.89996084,5.16886113,11544078
2022-09-22,5.12902405,5.13898332,5.03939062,5.03939062,7238000
2022-09-23,5.05930916,5.09914624,4.90992011,4.92983865,8681900
2022-09-26,4.8800423,4.92983865,4.6808569,4.76053106,9753301
2022-09-27,4.76053106,4.86012376,4.65097909,4.82028668,10061900
2022-09-28,4.80036814,4.84020522,4.63106055,4.64101982,7630496
2022-09-29,4.6808569,4.72069398,4.51154931,4.56134566,7345600
2022-09-30,4.57130493,4.66093836,4.50159004,4.51154931,4948911
2022-10-10,4.51154931,4.60118274,4.43187515,4.47171223,4916400
2022-10-11,4.47171223,4.53146785,4.36216026,4.53146785,4893685
2022-10-12,4.52150858,4.67089763,4.45179369,4.67089763,6730800
2022-10-13,4.64101982,4.74061252,4.62110128,4.70077544,5860200
2022-10-14,4.70077544,4.81032741,4.70077544,4.7804496,5564901
2022-10-17,4.76053106,4.89996084,4.72069398,4.8800423,5654610
2022-10-18,4.90992011,4.94975719,4.85016449,4.89000157,5550769
2022-10-19,4.8800423,4.89996084,4.80036814,4.82028668,4566900
2022-10-20,4.80036814,4.87008303,4.71073471,4.77049033,5281411
2022-10-21,4.77049033,4.87008303,4.77049033,4.79040887,3781497
2022-10-24,4.82028668,4.90992011,4.6808569,4.69081617,7419100
2022-10-25,4.69081617,4.79040887,4.59122347,4.71073471,6298096
2022-10-26,4.73065325,4.86012376,4.72069398,4.81032741,5112907
2022-10-27,4.82028668,4.8800423,4.75057179,4.77049033,4471000
2022-10-28,4.76053106,4.80036814,4.49163077,4.54142712,5475600
2022-10-31,4.56134566,4.84020522,4.54142712,4.73065325,13224408
2022-11-01,4.75057179,5.02943135,4.75057179,5.00951281,12321870
2022-11-02,4.95971646,5.03939062,4.91987938,4.96967573,8105900
2022-11-03,4.95971646,4.98959427,4.89000157,4.92983865,4341301
2022-11-04,4.979635,5.01947208,4.92983865,4.98959427,5376500
2022-11-07,4.95971646,5.04934989,4.95971646,5.02943135,5508992
2022-11-08,5.0792277,5.11906478,4.98959427,5.11906478,6266811
2022-11-09,5.14894259,5.15890186,5.05930916,5.08918697,3927401
2022-11-10,5.05930916,5.09914624,5.01947208,5.03939062,3933600
2022-11-11,5.11906478,5.20869821,5.08918697,5.11906478,8376779
2022-11-14,5.15890186,5.15890186,5.04934989,5.06926843,4814401
2022-11-15,5.06926843,5.12902405,5.04934989,5.11906478,3772320
2022-11-16,5.14894259,5.1788204,5.09914624,5.11906478,3797600
2022-11-17,5.09914624,5.15890186,5.08918697,5.15890186,3579800
2022-11-18,5.16886113,5.23857602,5.11906478,5.14894259,4679689
2022-11-21,5.14894259,5.19873894,5.10910551,5.18877967,5215100
2022-11-22,5.18877967,5.2784131,5.09914624,5.12902405,5094700
2022-11-23,5.11906478,5.20869821,5.03939062,5.19873894,5822191
2022-11-24,5.22861675,5.2784131,5.16886113,5.24853529,5441702
2022-11-25,5.23857602,5.25849456,5.1788204,5.20869821,4035200
2022-11-28,5.14894259,5.20869821,5.0792277,5.1788204,4913400
2022-11-29,5.20869821,5.29833164,5.1788204,5.2784131,6395700
2022-11-30,5.29833164,5.39792434,5.23857602,5.33816872,6378000
2022-12-01,5.36804653,5.48755777,5.32820945,5.46763923,8923400
2022-12-02,5.42780215,5.45767996,5.32820945,5.3780058,7083622
2022-12-05,5.3780058,5.43776142,5.34812799,5.42780215,5789824
2022-12-06,5.43776142,5.43776142,5.32820945,5.36804653,4462693
2022-12-07,5.32820945,5.34812799,5.26845383,5.31825018,5148189
2022-12-08,5.31825018,5.32820945,5.22861675,5.28837237,5197900
2022-12-09,5.31825018,5.34812799,5.21865748,5.23857602,4251190
2022-12-12,5.23857602,5.26845383,5.15890186,5.16886113,5419300
2022-12-13,5.19873894,5.26845383,5.15890186,5.1788204,5648200
2022-12-14,5.16886113,5.2784131,5.16886113,5.20869821,5321300
2022-12-15,5.20869821,5.29833164,5.16886113,5.20869821,5085424
2022-12-16,5.1788204,5.20869821,5.0792277,5.11906478,4298700
2022-12-19,5.14894259,5.15890186,4.89996084,4.94975719,6832701
2022-12-20,4.94975719,5.0792277,4.90992011,5.04934989,5788602
2022-12-21,5.04934989,5.0792277,4.91987938,4.93979792,3463901
2022-12-22,4.95971646,4.979635,4.81032741,4.84020522,3473399
2022-12-23,4.84020522,4.91987938,4.79040887,4.85016449,3596089
2022-12-26,4.90992011,4.99955354,4.85016449,4.99955354,3845910
2022-12-27,4.99955354,5.05930916,4.95971646,5.02943135,3493600
2022-12-28,5.03939062,5.09914624,4.95971646,4.979635,3783300
2022-12-29,4.96967573,5.01947208,4.90992011,4.91987938,3791320
2022-12-30,4.91987938,5.03939062,4.89996084,5.00951281,3870800
2023-01-03,5.02943135,5.19873894,4.98959427,5.1788204,5612392
2023-01-04,5.22861675,5.26845383,5.16886113,5.22861675,5065800
2023-01-05,5.22861675,5.28837237,5.1788204,5.25849456,4096600
2023-01-06,5.24853529,5.32820945,5.23857602,5.26845383,4423800
2023-01-09,5.28837237,5.3780058,5.26845383,5.31825018,4835600
2023-01-10,5.31825018,5.38796507,5.30829091,5.34812799,5535200
2023-01-11,5.35808726,5.35808726,5.24853529,5.26845383,3363500
2023-01-12,5.25849456,5.31825018,5.22861675,5.26845383,3454100
2023-01-13,5.24853529,5.31825018,5.21865748,5.26845383,3243400
2023-01-16,5.25849456,5.33816872,5.24853529,5.2784131,4014300
2023-01-17,5.30829091,5.32820945,5.20869821,5.23857602,3704782
2023-01-18,5.25849456,5.33816872,5.23857602,5.32820945,3189100
2023-01-19,5.31825018,5.34812799,5.28837237,5.32820945,2995400
2023-01-20,5.34812799,5.44772069,5.33816872,5.43776142,4570500
2023-01-30,5.45767996,5.51743558,5.41784288,5.49751704,6232968
2023-01-31,5.44772069,5.61702828,5.42780215,5.58715047,7943010
2023-02-01,5.5771912,5.62698755,5.51743558,5.60706901,7661400
2023-02-02,5.60706901,5.64690609,5.54731339,5.60706901,6298101
2023-02-03,5.60706901,5.61702828,5.45767996,5.53735412,6105722
2023-02-06,5.55727266,5.64690609,5.53735412,5.61702828,8371786
2023-02-07,5.62698755,5.64690609,5.54731339,5.61702828,5452968
2023-02-08,5.60706901,5.68674317,5.5771912,5.62698755,5415001
2023-02-09,5.65686536,5.68674317,5.58715047,5.65686536,4281300
2023-02-10,5.65686536,5.71662098,5.59710974,5.68674317,4435700
2023-02-13,5.68674317,5.70666171,5.62698755,5.6767839,6767422
2023-02-14,5.68674317,5.72658025,5.65686536,5.71662098,5823478
2023-02-15,5.71662098,5.76641733,5.64690609,5.6767839,4585900
2023-02-16,5.6767839,5.70666171,5.4775985,5.49751704,8676336
2023-02-17,5.58715047,5.65686536,5.53735412,5.55727266,7125900
2023-02-20,5.60706901,5.64690609,5.52739485,5.60706901,5782431
2023-02-21,5.6767839,5.68674317,5.59710974,5.63694682,4575300
2023-02-22,5.60706901,5.65686536,5.56723193,5.62698755,3369601
2023-02-23,5.63694682,5.64690609,5.59710974,5.62698755,3580600
2023-02-24,5.61702828,5.66682463,5.5771912,5.61702828,2919501
2023-02-27,5.61702828,5.65686536,5.53735412,5.55727266,3614813
2023-02-28,5.5771912,5.66682463,5.55727266,5.64690609,3723512
2023-03-01,5.62698755,5.69670244,5.60706901,5.6767839,6068900
2023-03-02,5.66682463,5.72658025,5.63694682,5.64690609,3367900
2023-03-03,5.62698755,5.68674317,5.62698755,5.63694682,2727601
2023-03-06,5.64690609,5.69670244,5.60706901,5.68674317,3704600
2023-03-07,5.68674317,5.71662098,5.5771912,5.5771912,4341921
2023-03-08,5.5771912,5.75645806,5.53735412,5.74649879,5649287
2023-03-09,5.74649879,5.74649879,5.55727266,5.68674317,8386500
2023-03-10,5.6767839,5.6767839,5.49751704,5.52739485,5236300
2023-03-13,5.50747631,5.55727266,5.41784288,5.46763923,5366800
2023-03-14,5.4775985,5.48755777,5.26845383,5.36804653,5233300
2023-03-15,5.36804653,5.90584711,5.36804653,5.90584711,14919900
2023-03-16,6.05523616,6.30421791,5.80625441,5.84609149,52413386
2023-03-17,5.975562,5.98552127,5.72658025,5.86601003,35317920
2023-03-20,5.99548054,6.23450302,5.86601003,6.03531762,52938134
2023-03-21,5.89588784,5.92576565,5.74649879,5.8759693,33774702
2023-03-22,5.84609149,5.85605076,5.6767839,5.78633587,26360803
2023-03-23,5.7763766,5.78633587,5.63694682,5.70666171,19874345
2023-03-24,5.68674317,5.70666171,5.54731339,5.64690609,13572641
2023-03-27,5.5771912,5.65686536,5.53735412,5.59710974,13030102
2023-03-28,5.5771912,5.68674317,5.43776142,5.53735412,20990000
2023-03-29,5.56723193,5.5771912,5.3780058,5.40788361,11934160
2023-03-30,5.36804653,5.40788361,5.20869821,5.29833164,13557503
2023-03-31,5.32820945,5.36804653,5.26845383,5.35808726,10278467
2023-04-03,5.35808726,5.35808726,5.2784131,5.32820945,9316000
2023-04-04,5.31825018,5.32820945,5.21865748,5.21865748,9778602
2023-04-06,5.18877967,5.22861675,5.12902405,5.16886113,7290303
2023-04-07,5.15890186,5.26845383,5.13898332,5.24853529,6978700
2023-04-10,5.21865748,5.26845383,5.08918697,5.10910551,9889700
2023-04-11,5.10910551,5.13898332,5.05930916,5.11906478,5406600
2023-04-12,5.08918697,5.1788204,5.0792277,5.15890186,5385200
2023-04-13,5.16886113,5.20869821,5.12902405,5.14894259,5913300
2023-04-14,5.1788204,5.18877967,5.08918697,5.18877967,4777500
2023-04-17,5.1788204,5.26845383,5.16886113,5.25849456,5871201
2023-04-18,5.23857602,5.25849456,5.20869821,5.21865748,4296601
2023-04-19,5.22861675,5.26845383,5.20869821,5.24853529,5149100
2023-04-20,5.23857602,5.23857602,5.13898332,5.19873894,5502400
2023-04-21,5.19873894,5.22861675,5.02943135,5.06926843,7250300
2023-04-24,5.06926843,5.09914624,4.96967573,5.04934989,5216301
2023-04-25,5.04934989,5.05930916,4.83024595,4.92983865,6295700
2023-04-26,4.92983865,5.06926843,4.90992011,5.03939062,4663138
2023-04-27,5.04934989,5.10910551,4.99955354,5.04934989,3943465
2023-04-28,5.04934989,5.22861675,5.02943135,5.20869821,5414301
2023-05-04,5.20869821,5.31825018,5.20869821,5.28837237,6750400
2023-05-05,5.28837237,5.29833164,5.19873894,5.26845383,4217500
2023-05-08,5.26845383,5.31825018,5.24853529,5.26845383,4328200
2023-05-09,5.26845383,5.30829091,5.19873894,5.21865748,4429500
2023-05-10,5.21865748,5.25849456,5.1788204,5.23857602,3058600
2023-05-11,5.23857602,5.32820945,5.19873894,5.30829091,4484800
2023-05-12,5.2784131,5.31825018,5.25849456,5.26845383,4452433
2023-05-15,5.30829091,5.42780215,5.28837237,5.34812799,6209523
2023-05-16,5.34812799,5.44772069,5.32820945,5.39792434,7221323
2023-05-17,5.36804653,5.43776142,5.30829091,5.42780215,6543323
2023-05-18,5.43776142,5.5771912,5.42780215,5.50747631,10828742
2023-05-19,5.50747631,5.50747631,5.39792434,5.43776142,7062500
2023-05-22,5.43776142,5.52739485,5.40788361,5.50747631,8483654
2023-05-23,5.49751704,5.53735412,5.44772069,5.45767996,5297765
2023-05-24,5.42780215,5.51743558,5.38796507,5.45767996,6337784
2023-05-25,5.42780215,5.52739485,5.40788361,5.50747631,5391901
2023-05-26,5.51743558,5.51743558,5.36804653,5.44772069,5840570
2023-05-29,5.46763923,5.46763923,5.31825018,5.34812799,6650200
2023-05-30,5.34812799,5.40788361,5.28837237,5.39792434,5050000
2023-05-31,5.40788361,5.40788361,5.33816872,5.34812799,3847800
2023-06-01,5.34812799,5.3780058,5.28837237,5.28837237,4837492
2023-06-02,5.31825018,5.3780058,5.28837237,5.36804653,4543100
2023-06-05,5.35808726,5.38796507,5.31825018,5.3780058,4200200
2023-06-06,5.36804653,5.38796507,5.21865748,5.21865748,4921101
2023-06-07,5.24853529,5.25849456,5.14894259,5.19873894,3886202
2023-06-08,5.16886113,5.19873894,5.12902405,5.14894259,3751900
2023-06-09,5.15890186,5.33816872,5.11906478,5.23857602,6141800
2023-06-12,5.20869821,5.30829091,5.09914624,5.29833164,6378000
2023-06-13,5.26845383,5.34812799,5.24853529,5.29833164,3190500
2023-06-14,5.30829091,5.80625441,5.22861675,5.55727266,24598310
2023-06-15,5.48755777,5.54731339,5.35808726,5.41784288,18759670
2023-06-16,5.3780058,5.44772069,5.32820945,5.38796507,11702063
2023-06-19,5.35808726,5.38796507,5.20869821,5.21865748,11519000
2023-06-20,5.20869821,5.25849456,5.13898332,5.13898332,7369000
2023-06-21,5.13898332,5.22861675,5.12902405,5.15890186,6455000
2023-06-26,5.09914624,5.19873894,5.09914624,5.13898332,5811500
2023-06-27,5.13898332,5.35808726,5.10910551,5.35808726,12809700
2023-06-28,5.35808726,5.43776142,5.25849456,5.39792434,8830200
2023-06-29,5.41784288,5.52739485,5.40788361,5.46763923,11732201
2023-06-30,5.51743558,5.58715047,5.43776142,5.56723193,10980000
2023-07-03,5.54731339,5.6767839,5.53735412,5.58715047,8709100
2023-07-04,5.59710974,5.65686536,5.55727266,5.62698755,7379600
2023-07-05,5.59710974,5.63694682,5.55727266,5.56723193,5515800
2023-07-06,5.55727266,5.61702828,5.50747631,5.58715047,5507768
2023-07-07,5.60706901,5.7763766,5.54731339,5.64690609,11461600
2023-07-10,5.60706901,5.72658025,5.5771912,5.65686536,8126801
2023-07-11,5.63694682,6.22454375,5.58715047,5.89588784,34554001
2023-07-12,5.88592857,5.96560273,5.74649879,5.76641733,20397765
2023-07-13,5.75645806,5.91580638,5.6767839,5.83613222,17439746
2023-07-14,5.84609149,6.28429937,5.75645806,6.04527689,29000862
2023-07-17,5.975562,6.00543981,5.82617295,5.93572492,22519672
2023-07-18,5.92576565,5.92576565,5.80625441,5.85605076,13419612
2023-07-19,5.86601003,5.8759693,5.75645806,5.80625441,10267201
2023-07-20,5.7763766,5.82617295,5.6767839,5.69670244,9113577
2023-07-21,5.70666171,5.73653952,5.60706901,5.63694682,6873701
2023-07-24,5.63694682,5.79629514,5.58715047,5.70666171,6773200
2023-07-25,5.73653952,5.82617295,5.70666171,5.75645806,6517000
2023-07-26,5.76641733,5.80625441,5.71662098,5.75645806,5616062
2023-07-27,5.75645806,6.00543981,5.74649879,5.94568419,21625900
2023-07-28,5.92576565,5.93572492,5.7763766,5.85605076,12521799
2023-07-31,5.80625441,5.99548054,5.79629514,5.975562,11894401
2023-08-01,6.00543981,6.01539908,5.7763766,5.89588784,9522600
2023-08-02,5.89588784,5.91580638,5.80625441,5.85605076,6829262
2023-08-03,5.80625441,5.85605076,5.72658025,5.78633587,5883901
2023-08-04,5.80625441,5.83613222,5.6767839,5.6767839,6927900
2023-08-07,5.64690609,5.70666171,5.58715047,5.61702828,5970300
2023-08-08,5.66682463,5.68674317,5.59710974,5.62698755,4402550
2023-08-09,5.63694682,5.63694682,5.45767996,5.48755777,6431610
2023-08-10,5.49751704,5.54731339,5.4775985,5.52739485,2821300
2023-08-11,5.58715047,5.58715047,5.44772069,5.4775985,5313800
2023-08-14,5.45767996,5.50747631,5.38796507,5.50747631,3744200
2023-08-15,5.50747631,5.53735412,5.45767996,5.48755777,3752600
2023-08-16,5.48755777,5.50747631,5.42780215,5.42780215,3089510
2023-08-17,5.43776142,5.69670244,5.36804653,5.6767839,9535493
2023-08-18,5.65686536,5.86601003,5.60706901,5.74649879,13036200
2023-08-21,5.75645806,5.79629514,5.5771912,5.59710974,7131100
2023-08-22,5.63694682,5.68674317,5.4775985,5.5771912,8301200
2023-08-23,5.56723193,6.12495105,5.51743558,5.80625441,33807200
2023-08-24,5.80625441,5.82617295,5.56723193,5.7763766,24759008
2023-08-25,5.7763766,5.93572492,5.72658025,5.7763766,21574200
2023-08-28,6.02535835,6.0751547,5.7763766,5.96560273,33527069
2023-08-29,5.86601003,5.95564346,5.78633587,5.92576565,19052802
2023-08-30,5.8759693,5.92576565,5.69670244,5.76641733,15941011
2023-08-31,5.74649879,5.74649879,5.62698755,5.6767839,9681661
2023-09-01,5.70666171,5.73653952,5.5771912,5.65686536,7045300
2023-09-04,5.65686536,6.22454375,5.63694682,6.09507324,42288461
2023-09-05,6.03531762,6.09507324,5.90584711,6.00543981,22552213
2023-09-06,5.94568419,6.06519543,5.86601003,5.99548054,17524600
2023-09-07,5.99548054,5.99548054,5.7763766,5.80625441,11508011
2023-09-08,5.7763766,6.38389207,5.73653952,6.38389207,46200798
2023-09-11,6.29425864,6.32413645,6.00543981,6.02535835,55702914
2023-09-12,6.04527689,6.25442156,5.96560273,6.11499178,42995887
2023-09-13,6.05523616,6.09507324,5.8759693,6.09507324,37646889
2023-09-14,5.975562,6.20462521,5.88592857,6.15482886,35905600
2023-09-15,6.0751547,6.4735255,6.02535835,6.1747474,39837628
2023-09-18,6.11499178,6.79222214,6.09507324,6.79222214,47832385
2023-09-19,7.02128535,7.4694525,6.92169265,7.4694525,131015471
2023-09-20,6.971489,7.05116316,6.72250725,6.72250725,23790725
2023-09-21,6.22454375,6.62291455,6.22454375,6.3739328,90959514
2023-09-22,6.25442156,6.33409572,5.99548054,6.13491032,62339314
2023-09-25,6.05523616,6.24446229,6.01539908,6.23450302,45495617
2023-09-26,6.23450302,6.28429937,6.03531762,6.10503251,36681837
2023-09-27,6.09507324,6.13491032,5.85605076,5.86601003,38962188
2023-09-28,5.90584711,6.01539908,5.90584711,5.96560273,27041889
2023-10-09,5.90584711,5.95564346,5.78633587,5.86601003,24362108
2023-10-10,5.85605076,5.99548054,5.81621368,5.86601003,19134280
2023-10-11,5.88592857,5.89588784,5.65686536,5.70666171,26160572
2023-10-12,5.6767839,5.71662098,5.62698755,5.68674317,14529300
2023-10-13,5.63694682,5.69670244,5.62698755,5.6767839,13247104
2023-10-16,5.6767839,5.79629514,5.63694682,5.74649879,20651300
2023-10-17,5.71662098,5.74649879,5.55727266,5.60706901,19362764
2023-10-18,5.5771912,5.59710974,5.45767996,5.46763923,14797101
2023-10-19,5.41784288,5.53735412,5.39792434,5.43776142,12060000
2023-10-20,5.40788361,5.49751704,5.40788361,5.43776142,9815012
2023-10-23,5.45767996,5.45767996,5.22861675,5.25849456,12067201
2023-10-24,5.22861675,5.41784288,5.22861675,5.39792434,12295200
2023-10-25,5.41784288,5.60706901,5.40788361,5.52739485,15142500
2023-10-26,5.52739485,5.63694682,5.45767996,5.62698755,14957601
2023-10-27,5.5771912,5.65686536,5.51743558,5.62698755,16470800
2023-10-30,5.65686536,5.72658025,5.63694682,5.6767839,13850300
2023-10-31,5.64690609,5.6767839,5.55727266,5.59710974,12226400
2023-11-01,5.58715047,5.66682463,5.55727266,5.63694682,8777681
2023-11-02,5.62698755,5.63694682,5.5771912,5.59710974,6800900
2023-11-03,5.62698755,5.71662098,5.60706901,5.62698755,9836680
2023-11-06,5.69670244,5.73653952,5.65686536,5.73653952,14629701
2023-11-07,5.72658025,5.81621368,5.6767839,5.79629514,14739300
2023-11-08,5.7763766,5.81621368,5.74649879,5.79629514,10693757
2023-11-09,5.79629514,5.88592857,5.76641733,5.80625441,10894100
2023-11-10,5.79629514,5.80625441,5.73653952,5.78633587,6947501
2023-11-13,5.80625441,5.85605076,5.7763766,5.84609149,7087600
2023-11-14,5.82617295,5.85605076,5.80625441,5.85605076,7117200
2023-11-15,5.85605076,5.89588784,5.82617295,5.86601003,7373100
2023-11-16,5.86601003,5.88592857,5.83613222,5.84609149,5899257
2023-11-17,5.86601003,5.88592857,5.79629514,5.86601003,6273000
2023-11-20,5.88592857,5.93572492,5.85605076,5.93572492,10421700
2023-11-21,5.95564346,6.05523616,5.90584711,5.98552127,19649710
2023-11-22,5.975562,6.01539908,5.92576565,5.975562,14547201
2023-11-23,5.98552127,6.01539908,5.93572492,5.98552127,9231958
2023-11-24,5.975562,6.06519543,5.96560273,5.99548054,11144657
2023-11-27,5.99548054,6.0751547,5.95564346,6.0751547,12790854
2023-11-28,6.05523616,6.21458448,5.99548054,6.14486959,17985769
2023-11-29,6.12495105,6.19466594,6.06519543,6.08511397,11687787
2023-11-30,6.06519543,6.09507324,5.94568419,6.00543981,13990900
2023-12-01,5.98552127,6.04527689,5.975562,6.03531762,8000800
2023-12-04,6.04527689,6.64283309,6.02535835,6.31417718,44012545
2023-12-05,6.2743401,6.4735255,6.20462521,6.40381061,49527359
2023-12-06,6.36397353,6.56315893,6.28429937,6.39385134,36862137
2023-12-07,6.43368842,6.45360696,6.25442156,6.30421791,19963057
2023-12-08,6.2743401,6.28429937,6.08511397,6.09507324,21566183
2023-12-11,6.12495105,6.19466594,6.0751547,6.16478813,14336912
2023-12-12,6.16478813,6.2743401,6.12495105,6.2743401,13702912
2023-12-13,6.24446229,6.35401426,6.22454375,6.28429937,15103112
2023-12-14,6.26438083,6.3739328,6.24446229,6.29425864,14055600
2023-12-15,6.29425864,6.46356623,6.1747474,6.45360696,29136439
2023-12-18,6.45360696,6.45360696,6.20462521,6.24446229,19845200
2023-12-19,6.20462521,6.22454375,6.05523616,6.1747474,16037631
2023-12-20,6.1747474,6.25442156,6.02535835,6.03531762,12635900
2023-12-21,6.02535835,6.19466594,5.84609149,6.1747474,18700200
2023-12-22,6.15482886,6.16478813,5.92576565,6.00543981,13883100
2023-12-25,5.95564346,6.05523616,5.88592857,5.98552127,6796000
2023-12-26,6.01539908,6.01539908,5.8759693,5.91580638,6927500
2023-12-27,5.89588784,5.98552127,5.84609149,5.96560273,5616100
2023-12-28,5.96560273,6.11499178,5.92576565,6.09507324,7598502
2023-12-29,6.06519543,6.24446229,6.04527689,6.21458448,9135203
2024-01-02,6.22454375,6.48348477,6.22454375,6.42372915,22009501
2024-01-03,6.41376988,6.44364769,6.30421791,6.38389207,12930700
2024-01-04,6.36397353,6.42372915,6.33409572,6.39385134,8019200
2024-01-05,6.3739328,6.44364769,6.19466594,6.22454375,8570400
2024-01-08,6.21458448,6.30421791,6.13491032,6.14486959,7950400
2024-01-09,6.16478813,6.30421791,6.13491032,6.23450302,6568502
2024-01-10,6.23450302,6.26438083,6.12495105,6.18470667,5857500
2024-01-11,6.19466594,6.23450302,6.14486959,6.20462521,5171400
2024-01-12,6.23450302,6.30421791,6.10503251,6.11499178,7567000
2024-01-15,6.0751547,6.16478813,6.0751547,6.12495105,5716700
2024-01-16,6.13491032,6.1747474,5.975562,6.09507324,7263700
2024-01-17,6.08511397,6.11499178,5.975562,5.975562,4748900
2024-01-18,5.93572492,5.99548054,5.70666171,5.85605076,9515800
2024-01-19,5.8759693,5.89588784,5.74649879,5.75645806,5454500
2024-01-22,5.76641733,5.7763766,5.33816872,5.39792434,8514900
2024-01-23,5.41784288,5.41784288,5.15890186,5.2784131,8497501
2024-01-24,5.2784131,5.41784288,5.14894259,5.39792434,10416300
2024-01-25,5.38796507,5.64690609,5.38796507,5.62698755,9008200
2024-01-26,5.61702828,5.89588784,5.58715047,5.80625441,10878700
2024-01-29,5.81621368,5.83613222,5.59710974,5.61702828,8340100
2024-01-30,5.58715047,5.60706901,5.36804653,5.38796507,6174600
2024-01-31,5.43776142,5.45767996,5.04934989,5.05930916,7327700
2024-02-01,4.99955354,5.03939062,4.80036814,4.89996084,9201200
2024-02-02,4.89996084,5.03939062,4.41195661,4.5812642,10076810
2024-02-05,4.46175296,4.52150858,4.12313778,4.12313778,11294000
2024-02-06,3.95383019,4.03350435,3.71480771,3.80444114,26441601
2024-02-07,3.80444114,3.86419676,3.42598888,3.43594815,23301001
2024-02-08,3.42598888,3.76460406,3.13717005,3.73472625,18713201
2024-02-19,3.81440041,3.91399311,3.74468552,3.91399311,17401434
2024-02-20,3.91399311,4.00362654,3.79448187,3.983708,11418312
2024-02-21,3.94387092,4.26256756,3.91399311,4.11317851,11965903
2024-02-22,4.11317851,4.26256756,4.11317851,4.26256756,9649100
2024-02-23,4.32232318,4.49163077,4.24264902,4.47171223,11695949
2024-02-26,4.53146785,4.67089763,4.46175296,4.60118274,12840103
2024-02-27,4.56134566,4.70077544,4.50159004,4.70077544,10462200
2024-02-28,4.71073471,4.84020522,4.23268975,4.24264902,20496601
2024-02-29,4.15301559,4.41195661,4.07334143,4.40199734,13891757
2024-03-01,4.40199734,4.51154931,4.3820788,4.4816715,8883850
2024-03-04,4.4816715,4.64101982,4.44183442,4.61114201,13470708
2024-03-05,4.57130493,4.57130493,4.36216026,4.41195661,11984600
2024-03-06,4.3820788,4.54142712,4.31236391,4.49163077,9438400
2024-03-07,4.53146785,4.61114201,4.44183442,4.50159004,8995200
2024-03-08,4.52150858,4.55138639,4.45179369,4.51154931,5898700
2024-03-11,4.49163077,4.5812642,4.45179369,4.5812642,6910856
2024-03-12,4.55138639,4.6808569,4.54142712,4.6808569,8932556
2024-03-13,4.67089763,4.71073471,4.60118274,4.65097909,7440400
2024-03-14,4.67089763,4.72069398,4.55138639,4.66093836,8085400
2024-03-15,4.65097909,4.74061252,4.63106055,4.74061252,7260501
2024-03-18,4.74061252,4.85016449,4.73065325,4.85016449,7766320
2024-03-19,4.86012376,4.93979792,4.82028668,4.87008303,7719401
2024-03-20,4.87008303,5.01947208,4.86012376,5.00951281,6895900
2024-03-21,5.00951281,5.05930916,4.89996084,5.02943135,8299702
2024-03-22,5.01947208,5.09914624,4.91987938,4.979635,9341100
2024-03-25,4.95971646,4.99955354,4.82028668,4.82028668,7997601
2024-03-26,4.7804496,4.8800423,4.76053106,4.8800423,6807074
2024-03-27,4.89996084,4.90992011,4.6808569,4.6808569,5510800
2024-03-28,4.66093836,4.85016449,4.66093836,4.83024595,6055500
2024-03-29,4.82028668,4.90992011,4.7804496,4.90992011,6412900
2024-04-01,4.89996084,5.05930916,4.89000157,4.98959427,8928900
2024-04-02,4.96967573,5.05930916,4.96967573,5.01947208,7604954
2024-04-03,4.979635,5.10910551,4.92983865,5.0792277,8770600
2024-04-08,5.08918697,5.08918697,4.87008303,4.89000157,9567900
2024-04-09,4.92983865,4.93979792,4.85016449,4.92983865,6785751
2024-04-10,4.92983865,4.93979792,4.75057179,4.81032741,7461456
2024-04-11,4.76053106,4.93979792,4.73065325,4.89000157,6223800
2024-04-12,4.89000157,5.05930916,4.87008303,4.92983865,11042600
2024-04-15,4.84020522,4.87008303,4.44183442,4.53146785,17026800
2024-04-16,4.50159004,4.50159004,4.0833007,4.0833007,12290800
2024-04-17,4.0833007,4.47171223,4.03350435,4.44183442,10916456
2024-04-18,4.40199734,4.51154931,4.29244537,4.31236391,7602500
2024-04-19,4.30240464,4.35220099,4.19285267,4.26256756,6341036
2024-04-22,4.27252683,4.30240464,4.05342289,4.17293413,6818100
2024-04-23,4.17293413,4.29244537,4.16297486,4.25260829,4915600
2024-04-24,4.25260829,4.36216026,4.20281194,4.36216026,3650800
2024-04-25,4.33228245,4.46175296,4.2824861,4.42191588,3909800
2024-04-26,4.40199734,4.4816715,4.33228245,4.45179369,4496000
2024-04-29,4.45179369,4.64101982,4.42191588,4.63106055,5320300
2024-04-30,4.62110128,4.65097909,4.50159004,4.59122347,5870400
2024-05-06,4.59122347,4.86012376,4.5812642,4.73065325,13620301
2024-05-07,4.73065325,4.92983865,4.67089763,4.89000157,14340190
2024-05-08,4.84020522,4.99955354,4.7804496,4.81032741,12861810
2024-05-09,4.80036814,4.91987938,4.79040887,4.83024595,10718700
2024-05-10,4.84020522,4.91987938,4.7804496,4.87008303,8771600
2024-05-13,4.87008303,4.8800423,4.70077544,4.73065325,7959000
2024-05-14,4.71073471,4.85016449,4.71073471,4.83024595,7136200
2024-05-15,4.8800423,5.01947208,4.51154931,4.979635,30121010
2024-05-16,4.98959427,5.08918697,4.93979792,5.0792277,27725696
2024-05-17,5.02943135,5.02943135,4.81032741,4.87008303,20395135
2024-05-20,4.82028668,4.8800423,4.71073471,4.75057179,14841960
2024-05-21,4.75057179,4.77049033,4.60118274,4.70077544,12349700
2024-05-22,4.72069398,4.7804496,4.67089763,4.71073471,7635700
2024-05-23,4.71073471,4.72069398,4.54142712,4.55138639,8935100
2024-05-24,4.56134566,4.65097909,4.54142712,4.60118274,6262500
2024-05-27,4.59122347,4.64101982,4.47171223,4.57130493,7012178
2024-05-28,4.54142712,4.73065325,4.53146785,4.5812642,8317678
2024-05-29,4.5812642,4.65097909,4.4816715,4.60118274,5989400
2024-05-30,4.5812642,4.61114201,4.44183442,4.45179369,6849800
2024-05-31,4.50159004,4.51154931,4.44183442,4.50159004,4205400
2024-06-03,4.47171223,4.4816715,4.26256756,4.30240464,7695400
2024-06-04,3.99366727,4.07334143,3.87415603,3.96378946,22210851
2024-06-05,3.94387092,3.97374873,3.79448187,3.81440041,12108600
2024-06-06,3.7845226,3.81440041,3.43594815,3.43594815,16862920
2024-06-07,3.47578523,3.63513355,3.43594815,3.61521501,12755058
2024-06-11,3.57537793,3.66501136,3.4857445,3.65505209,9963500
2024-06-12,3.64509282,3.77456333,3.60525574,3.75464479,7296920
2024-06-13,3.75464479,3.79448187,3.64509282,3.67497063,5915905
2024-06-14,3.69488917,3.74468552,3.59529647,3.71480771,5074500
2024-06-17,3.73472625,3.73472625,3.55545939,3.5853372,6263256
2024-06-18,3.61521501,3.67497063,3.54550012,3.67497063,5179156
2024-06-19,3.69488917,3.73472625,3.60525574,3.62517428,4683100
2024-06-20,3.64509282,3.64509282,3.51562231,3.54550012,4498800
2024-06-21,3.5853372,3.5853372,3.46582596,3.54550012,3361700
2024-06-24,3.53554085,3.55545939,3.33635545,3.3861518,6082700
2024-06-25,3.47578523,3.4857445,3.3861518,3.44590742,3850700
2024-06-26,3.41602961,3.56541866,3.3861518,3.55545939,4998000
2024-06-27,3.55545939,3.60525574,3.51562231,3.53554085,4195100
2024-06-28,3.47578523,3.60525574,3.47578523,3.55545939,4262679
2024-07-01,3.55545939,3.60525574,3.49570377,3.5853372,4509361
2024-07-02,3.5853372,3.67497063,3.55545939,3.65505209,5378800
2024-07-03,3.66501136,3.73472625,3.64509282,3.66501136,4086500
2024-07-04,3.67497063,3.6849299,3.51562231,3.51562231,4638000
2024-07-05,3.51562231,3.57537793,3.41602961,3.56541866,3792261
2024-07-08,3.56541866,3.56541866,3.41602961,3.42598888,4322300
2024-07-09,3.42598888,3.49570377,3.33635545,3.47578523,4748800
2024-07-10,3.45586669,3.45586669,3.35627399,3.36623326,4317700
2024-07-11,3.41602961,3.53554085,3.39611107,3.50566304,6343100
2024-07-12,3.50566304,3.59529647,3.46582596,3.51562231,5429000
2024-07-15,3.53554085,3.53554085,3.42598888,3.43594815,3753200
2024-07-16,3.43594815,3.45586669,3.40607034,3.44590742,3203501
2024-07-17,3.43594815,3.46582596,3.37619253,3.37619253,3565700
2024-07-18,3.33635545,3.37619253,3.23676275,3.31643691,4916902
2024-07-19,3.27659983,3.3861518,3.26664056,3.34631472,4194201
2024-07-22,3.35627399,3.40607034,3.32639618,3.3861518,2908200
2024-07-23,3.39611107,3.47578523,3.35627399,3.3861518,4256600
2024-07-24,3.36623326,3.40607034,3.29651837,3.33635545,3739000
2024-07-25,3.32639618,3.41602961,3.29651837,3.3861518,3181400
2024-07-26,3.3861518,3.45586669,3.3861518,3.45586669,4928700
2024-07-29,3.50566304,3.54550012,3.44590742,3.51562231,6343600
2024-07-30,3.50566304,3.57537793,3.47578523,3.56541866,4393100
2024-07-31,3.56541866,3.66501136,3.55545939,3.65505209,5363600
2024-08-01,3.65505209,3.69488917,3.63513355,3.66501136,4551400
2024-08-02,3.65505209,3.71480771,3.61521501,3.63513355,4885810
2024-08-05,3.62517428,3.6849299,3.55545939,3.55545939,5061900
2024-08-06,3.57537793,3.64509282,3.57537793,3.64509282,4731500
2024-08-07,3.64509282,3.72476698,3.61521501,3.70484844,5462500
2024-08-08,3.69488917,3.69488917,3.60525574,3.67497063,4021001
2024-08-09,3.67497063,3.75464479,3.66501136,3.6849299,4783701
2024-08-12,3.70484844,3.71480771,3.64509282,3.66501136,5014001
2024-08-13,3.66501136,3.70484844,3.5853372,3.69488917,3704000
2024-08-14,3.67497063,3.75464479,3.66501136,3.70484844,3775501
2024-08-15,3.6849299,3.74468552,3.65505209,3.70484844,5982704
2024-08-16,3.72476698,3.72476698,3.61521501,3.63513355,4674100
2024-08-19,3.63513355,3.66501136,3.57537793,3.63513355,4279801
2024-08-20,3.6849299,3.77456333,3.52558158,3.53554085,7466900
2024-08-21,3.50566304,3.55545939,3.46582596,3.51562231,4519900
2024-08-22,3.50566304,3.54550012,3.41602961,3.41602961,3846000
2024-08-23,3.40607034,3.42598888,3.33635545,3.37619253,3606193
2024-08-26,3.37619253,3.50566304,3.36623326,3.46582596,3272100
2024-08-27,3.43594815,3.49570377,3.3861518,3.41602961,3448000
2024-08-28,3.41602961,3.52558158,3.36623326,3.4857445,4228800
2024-08-29,3.45586669,3.56541866,3.41602961,3.55545939,4057300
2024-08-30,3.56541866,3.64509282,3.52558158,3.5853372,3861500
2024-09-02,3.5853372,3.64509282,3.54550012,3.56541866,3328700
2024-09-03,3.56541866,3.60525574,3.53554085,3.56541866,2114400
2024-09-04,3.55545939,3.61521501,3.54550012,3.57537793,3814600
2024-09-05,3.59529647,3.66501136,3.56541866,3.64509282,3759617
2024-09-06,3.63513355,3.64509282,3.57537793,3.5853372,3807701
2024-09-09,3.57537793,3.62517428,3.50566304,3.60525574,3196712
2024-09-10,3.63513355,3.70484844,3.60525574,3.6849299,5745800
2024-09-11,3.67497063,3.71480771,3.60525574,3.63513355,4130600
2024-09-12,3.61521501,3.71480771,3.61521501,3.66501136,3168055
2024-09-13,3.66501136,3.69488917,3.63513355,3.63513355,3419800
2024-09-18,3.64509282,3.66501136,3.52558158,3.56541866,3474700
2024-09-19,3.5853372,3.71480771,3.56541866,3.6849299,5080055
2024-09-20,3.6849299,3.86419676,3.66501136,3.75464479,9095102
2024-09-23,3.72476698,3.74468552,3.65505209,3.70484844,9127501
2024-09-24,3.69488917,3.82435968,3.69488917,3.79448187,7247900
2024-09-25,3.85423749,3.94387092,3.82435968,3.83431895,7825910
2024-09-26,3.84427822,3.96378946,3.84427822,3.95383019,6042201
2024-09-27,3.97374873,4.09325997,3.97374873,4.0833007,5642702
2024-09-30,4.20281194,4.46175296,4.10321924,4.42191588,18871539
2024-10-08,4.85016449,4.86012376,4.41195661,4.5812642,20625362
2024-10-09,4.52150858,4.52150858,4.1828934,4.1828934,12202565
2024-10-10,4.20281194,4.36216026,4.16297486,4.27252683,8355644
2024-10-11,4.26256756,4.31236391,4.07334143,4.11317851,7103701
2024-10-14,4.12313778,4.22273048,4.12313778,4.19285267,5518117
2024-10-15,4.19285267,4.23268975,4.13309705,4.13309705,5975300
2024-10-16,4.10321924,4.20281194,4.0833007,4.17293413,4941699
2024-10-17,4.20281194,4.26256756,4.11317851,4.13309705,4809741
2024-10-18,4.10321924,4.25260829,4.10321924,4.19285267,6381085
2024-10-21,4.20281194,4.23268975,4.14305632,4.23268975,8467700
2024-10-22,4.1927592,4.38243164,4.1927592,4.32253508,7537400
2024-10-23,4.30256956,4.38243164,4.28260404,4.31255232,6640670
2024-10-24,4.30256956,4.41237992,4.28260404,4.40239716,7367900
2024-10-25,4.3924144,4.5421558,4.38243164,4.52219028,8271200
2024-10-28,4.53217304,4.87158688,4.52219028,4.77175928,18311029
2024-10-29,4.76177652,5.13113864,4.57210408,4.92150068,35211184
2024-10-30,4.87158688,4.88156964,4.68191444,4.7917248,19271401
2024-10-31,4.73182824,4.91151792,4.73182824,4.83165584,17573260
2024-11-01,4.82167308,4.93148344,4.62201788,4.65196616,12548725
2024-11-04,4.63200064,4.71186272,4.57210408,4.66194892,8938402
2024-11-05,4.65196616,4.76177652,4.6419834,4.75179376,9097200
2024-11-06,4.76177652,4.81169032,4.6918972,4.7917248,9505900
2024-11-07,4.77175928,4.96143172,4.741811,4.95144896,10219616
2024-11-08,4.95144896,4.98139724,4.82167308,4.85162136,7775701
2024-11-11,4.8915524,4.91151792,4.80170756,4.87158688,8416910
2024-11-12,4.86160412,5.02132828,4.77175928,4.83165584,10575924
2024-11-13,4.81169032,4.8915524,4.68191444,4.81169032,8880800
2024-11-14,4.78174204,4.86160412,4.70187996,4.72184548,5763500
2024-11-15,4.71186272,4.78174204,4.63200064,4.67193168,8427000
2024-11-18,4.67193168,4.76177652,4.55213856,4.60205236,5640193
2024-11-19,4.6419834,4.741811,4.55213856,4.741811,9531420
2024-11-20,4.741811,4.90153516,4.66194892,4.87158688,12497502
2024-11-21,4.85162136,5.0412938,4.83165584,4.99138,14419311
2024-11-22,5.01134552,5.0912076,4.78174204,4.80170756,11394701
2024-11-25,4.82167308,5.03131104,4.77175928,5.03131104,10371774
2024-11-26,5.01134552,5.1411214,4.95144896,4.98139724,9554901
2024-11-27,4.95144896,4.98139724,4.76177652,4.92150068,8143400
2024-11-28,4.91151792,5.03131104,4.90153516,4.96143172,9389500
2024-11-29,4.9414662,5.01134552,4.88156964,4.97141448,8053148
2024-12-02,5.00136276,5.13113864,5.00136276,5.13113864,9745322
2024-12-03,5.1910352,5.2908628,5.06125932,5.15110416,11390201
2024-12-04,5.0912076,5.31082832,5.02132828,5.0912076,20903420
2024-12-05,5.0412938,5.26091452,5.0412938,5.21100072,14999700
2024-12-06,5.240949,5.2908628,5.15110416,5.240949,11645001
2024-12-09,5.21100072,5.30084556,5.17106968,5.23096624,9363200
2024-12-10,5.36074212,5.37072488,5.1411214,5.15110416,10670201
2024-12-11,5.15110416,5.27089728,5.15110416,5.26091452,9437500
2024-12-12,5.27089728,5.38070764,5.21100072,5.37072488,10026000
2024-12-13,5.33079384,5.66022492,5.31082832,5.36074212,15755860
2024-12-16,5.3407766,5.52046628,5.3407766,5.41065592,11028500
2024-12-17,5.40067316,5.47055248,4.97141448,5.02132828,14055200
2024-12-18,4.99138,5.07124208,4.86160412,4.99138,8478801
2024-12-19,4.93148344,5.00136276,4.87158688,4.98139724,5962400
2024-12-20,4.99138,5.05127656,4.96143172,4.99138,5557900
2024-12-23,5.01134552,5.02132828,4.492242,4.492242,14214338
2024-12-24,4.492242,4.57210408,4.38243164,4.47227648,7775612
2024-12-25,4.47227648,4.50222476,4.242673,4.33251784,8909313
2024-12-26,4.32253508,4.47227648,4.32253508,4.36246612,7335301
2024-12-27,4.36246612,4.55213856,4.36246612,4.48225924,6723073
2024-12-30,4.47227648,4.8915524,4.4423282,4.66194892,22544777
2024-12-31,4.6419834,4.72184548,4.43234544,4.4423282,11489001
2025-01-02,4.45231096,4.57210408,4.37244888,4.42236268,9100269
2025-01-03,4.42236268,4.45231096,4.23269024,4.2925868,10499200
2025-01-06,4.23269024,4.40239716,4.02305228,4.22270748,10939100
2025-01-07,4.23269024,4.40239716,4.21272472,4.3924144,5676022
2025-01-08,4.3924144,4.63200064,4.2925868,4.46229372,11798900
2025-01-09,4.37244888,4.5421558,4.37244888,4.41237992,8050902
2025-01-10,4.58208684,4.85162136,4.492242,4.85162136,49971774
2025-01-13,5.3407766,5.3407766,5.3407766,5.3407766,25365399
2025-01-14,5.5903456,5.87984564,5.3407766,5.87984564,89861858
2025-01-15,5.84989736,6.22924224,5.2908628,5.2908628,102030769
2025-01-16,4.92150068,5.2908628,4.92150068,5.17106968,81429879
2025-01-17,5.00136276,5.0412938,4.65196616,4.65196616,60484688
2025-01-20,4.57210408,4.71186272,4.492242,4.66194892,36036351
2025-01-21,4.65196616,4.67193168,4.4423282,4.56212132,28875481
2025-01-22,4.52219028,4.56212132,4.42236268,4.43234544,21401997
2025-01-23,4.48225924,4.56212132,4.43234544,4.4423282,21210400
2025-01-24,4.46229372,4.492242,4.36246612,4.4423282,15369960
2025-01-27,4.45231096,4.53217304,4.4423282,4.45231096,13823615
2025-02-05,4.48225924,4.53217304,4.42236268,4.53217304,12505575
2025-02-06,4.53217304,4.58208684,4.45231096,4.58208684,17507000
2025-02-07,4.57210408,4.66194892,4.5421558,4.63200064,18937534
2025-02-10,4.67193168,4.77175928,4.63200064,4.77175928,19835713
2025-02-11,4.77175928,4.78174204,4.6918972,4.75179376,12251100
2025-02-12,4.76177652,4.80170756,4.71186272,4.76177652,12509222
2025-02-13,4.76177652,4.77175928,4.6918972,4.70187996,10956351
2025-02-14,4.71186272,4.75179376,4.63200064,4.65196616,10971001
2025-02-17,4.66194892,4.8915524,4.65196616,4.85162136,18821382
2025-02-18,4.87158688,4.9414662,4.73182824,4.78174204,17153950
2025-02-19,4.77175928,4.83165584,4.73182824,4.81169032,12116601
2025-02-20,4.7917248,4.87158688,4.76177652,4.86160412,16306651
2025-02-21,4.86160412,4.8915524,4.76177652,4.83165584,11777601
2025-02-24,4.8416386,4.86160412,4.78174204,4.81169032,10333703
2025-02-25,4.76177652,4.86160412,4.75179376,4.80170756,9225201
2025-02-26,4.80170756,4.92150068,4.77175928,4.90153516,14500301
2025-02-27,4.92150068,4.97141448,4.82167308,4.8915524,10790200
2025-02-28,4.87158688,4.8915524,4.7917248,4.80170756,8980416
2025-03-03,4.81169032,4.90153516,4.77175928,4.8416386,9565260
2025-03-04,4.8416386,4.91151792,4.80170756,4.90153516,8902697
2025-03-05,4.91151792,4.92150068,4.77175928,4.8416386,9505540
2025-03-06,4.8416386,4.8915524,4.81169032,4.87158688,9814360
2025-03-07,4.85162136,4.87158688,4.741811,4.77175928,11073400
2025-03-10,4.77175928,4.8416386,4.77175928,4.82167308,7727000
2025-03-11,4.7917248,4.87158688,4.75179376,4.86160412,8003500
2025-03-12,4.87158688,4.9414662,4.83165584,4.91151792,9919300
2025-03-13,4.90153516,4.92150068,4.76177652,4.8915524,12235300
2025-03-14,4.86160412,4.97141448,4.8416386,4.96143172,13207180
2025-03-17,4.96143172,5.0412938,4.96143172,5.02132828,10607200
2025-03-18,5.00136276,5.11117312,5.00136276,5.05127656,8348401
2025-03-19,5.05127656,5.07124208,5.00136276,5.0412938,7402700
2025-03-20,5.08122484,5.15110416,5.03131104,5.12115588,12553116
2025-03-21,5.0912076,5.17106968,5.06125932,5.1411214,14782100
2025-03-24,5.15110416,5.66022492,5.12115588,5.35075936,62282200
2025-03-25,5.240949,5.66022492,5.05127656,5.50050076,63103261
2025-03-26,5.3407766,5.47055248,5.26091452,5.41065592,38682951
2025-03-27,5.3407766,5.37072488,5.1411214,5.1411214,32581103
2025-03-28,5.05127656,5.66022492,5.05127656,5.66022492,40113101
2025-03-31,5.57038008,5.92975944,5.37072488,5.65024216,82680400
2025-04-01,5.55041456,6.21925948,5.41065592,6.21925948,73051873
2025-04-02,6.15936292,6.15936292,5.65024216,5.65024216,83602997
2025-04-03,5.52046628,5.77003528,5.30084556,5.38070764,51719694
2025-04-07,5.01134552,5.0912076,4.8416386,4.8416386,17048000
2025-04-08,4.492242,4.68191444,4.36246612,4.46229372,48777802
2025-04-09,4.36246612,4.62201788,4.02305228,4.5421558,37431680
2025-04-10,4.53217304,4.77175928,4.53217304,4.73182824,33763123
2025-04-11,4.67193168,4.8915524,4.63200064,4.78174204,26395000
2025-04-14,4.81169032,4.97141448,4.81169032,4.90153516,22812287
2025-04-15,4.92150068,4.96143172,4.81169032,4.91151792,16420700
2025-04-16,4.90153516,4.90153516,4.6918972,4.75179376,16151400
2025-04-17,4.75179376,4.88156964,4.70187996,4.81169032,13213884
2025-04-18,4.86160412,4.86160412,4.741811,4.81169032,12048484
2025-04-21,4.7917248,4.8915524,4.77175928,4.87158688,10517500
2025-04-22,4.86160412,4.92150068,4.81169032,4.90153516,8730800
2025-04-23,4.90153516,5.0412938,4.90153516,5.01134552,14469200
2025-04-24,4.98139724,5.06125932,4.93148344,4.99138,12568900
2025-04-25,4.99138,5.1411214,4.92150068,5.07124208,12827000
2025-04-28,5.21100072,5.23096624,4.90153516,4.91151792,22350200
2025-04-29,4.81169032,4.9414662,4.75179376,4.91151792,16821022
2025-04-30,4.93148344,5.07124208,4.91151792,5.03131104,13993262
2025-05-06,5.06125932,5.22098348,5.03131104,5.18105244,16619462
2025-05-07,5.1910352,5.25093176,5.13113864,5.20101796,15828022
2025-05-08,5.16108692,5.3407766,5.16108692,5.3407766,15803100
2025-05-09,5.3407766,5.41065592,5.21100072,5.23096624,13422912
2025-05-12,5.27089728,5.27089728,5.18105244,5.22098348,10637900
2025-05-13,5.23096624,5.31082832,5.18105244,5.21100072,11116910
2025-05-14,5.240949,5.240949,5.1411214,5.17106968,9588600
2025-05-15,5.17106968,5.21100072,5.0912076,5.16108692,10611700
2025-05-16,5.13113864,5.33079384,5.13113864,5.18105244,13399801
2025-05-19,5.18105244,5.33079384,5.13113864,5.30084556,14284449
2025-05-20,5.30084556,5.36074212,5.27089728,5.35075936,10448901
2025-05-21,5.3407766,5.41065592,5.27089728,5.3407766,10573100
2025-05-22,5.32081108,5.3906904,5.20101796,5.22098348,11541600
2025-05-23,5.1910352,5.61031112,5.1910352,5.22098348,33881000
2025-05-26,5.3407766,5.740087,5.3407766,5.740087,73042000
2025-05-27,5.65024216,5.8399146,5.57038008,5.61031112,68353985
2025-05-28,5.72012148,5.90979392,5.61031112,5.7900008,65748700
2025-05-29,5.6901732,5.9397422,5.6402594,5.77003528,51144500
2025-05-30,5.72012148,5.76005252,5.46056972,5.52046628,33172165
2025-06-03,5.490518,5.5903456,5.43062144,5.5903456,23412900
2025-06-04,5.6402594,6.00962152,5.6402594,5.740087,32105100
2025-06-05,5.68019044,5.80996632,5.5903456,5.6402594,26389700
2025-06-06,5.60032836,5.6402594,5.490518,5.5404318,16853900
2025-06-09,5.6402594,6.06951808,5.61031112,5.80996632,32035400
2025-06-10,5.80996632,5.84989736,5.57038008,5.63027664,24345100
2025-06-11,5.6402594,5.67020768,5.57038008,5.62029388,17362700
2025-06-12,5.5903456,5.6901732,5.57038008,5.63027664,19326600
2025-06-13,5.63027664,5.63027664,5.40067316,5.46056972,20100300
2025-06-16,5.4406042,5.56039732,5.41065592,5.46056972,12408601
2025-06-17,5.46056972,5.52046628,5.42063868,5.490518,12773001
2025-06-18,5.45058696,5.490518,5.33079384,5.40067316,11422101
2025-06-19,5.40067316,5.40067316,5.13113864,5.17106968,16738800
2025-06-20,5.17106968,5.22098348,5.1411214,5.16108692,7399480
2025-06-23,5.12115588,5.37072488,5.05127656,5.33079384,10235201
2025-06-24,5.2908628,5.48053524,5.2908628,5.46056972,10021400
2025-06-25,5.47055248,5.51048352,5.42063868,5.50050076,9663001
2025-06-26,5.490518,5.5404318,5.4406042,5.46056972,8343900
2025-06-27,5.46056972,5.5404318,5.45058696,5.47055248,6582700
2025-06-30,5.52046628,5.61031112,5.490518,5.60032836,9795400
2025-07-01,5.5903456,5.66022492,5.55041456,5.63027664,10498200
2025-07-02,5.6402594,5.67020768,5.58036284,5.66022492,11482300
2025-07-03,5.67020768,5.740087,5.5903456,5.67020768,13727354
2025-07-04,5.6402594,5.6901732,5.5404318,5.58036284,11064854
2025-07-07,5.6402594,5.82993184,5.6402594,5.79998356,25999139
2025-07-08,5.80996632,5.81994908,5.70015596,5.75006976,15956100
2025-07-09,5.75006976,5.78001804,5.6901732,5.72012148,11809600
2025-07-10,5.73010424,5.77003528,5.6901732,5.76005252,10285100
2025-07-11,5.77003528,5.77003528,5.63027664,5.68019044,11072000
2025-07-14,5.71013872,5.78001804,5.68019044,5.75006976,9116486
2025-07-15,5.70015596,5.70015596,5.490518,5.56039732,14901410
2025-07-16,5.57038008,5.6402594,5.53044904,5.62029388,9039100
2025-07-17,5.61031112,5.73010424,5.5903456,5.65024216,9676466
2025-07-18,5.67020768,5.6901732,5.55041456,5.6402594,8010100
2025-07-21,5.67020768,5.81994908,5.60032836,5.7900008,12854000
2025-07-22,5.83,5.85,5.72,5.79,9674300
2025-07-23,5.79,5.84,5.72,5.75,10414200
2025-07-24,5.75,5.79,5.73,5.79,9186100
2025-07-25,5.78,5.81,5.74,5.78,6667101
2025-07-28,5.78,5.84,5.76,5.8,7642100
2025-07-29,5.81,5.82,5.64,5.69,9454786
2025-07-30,5.7,5.71,5.63,5.71,9359200
2025-07-31,5.68,6.28,5.67,5.97,58697501
2025-08-01,5.97,5.97,5.81,5.88,39591247
2025-08-04,5.88,5.94,5.71,5.89,21377540
2025-08-05,5.92,6.03,5.9,6.0,20785717
2025-08-06,6.0,6.04,5.94,6.0,15870800
2025-08-07,6.02,6.05,5.92,5.93,13799600
2025-08-08,5.96,6.02,5.88,6.01,12283600
2025-08-11,6.0,6.11,5.99,6.06,13123200
2025-08-12,6.05,6.1,6.02,6.04,11686400
2025-08-13,6.06,6.07,5.94,5.96,12311801
2025-08-14,5.99,5.99,5.79,5.81,12203200
2025-08-15,5.79,5.92,5.79,5.82,10425200
2025-08-18,5.89,5.9,5.81,5.83,11067470
2025-08-19,5.83,5.99,5.78,5.95,12033069
2025-08-20,5.95,6.04,5.93,6.03,11302510
2025-08-21,6.06,6.35,6.04,6.2,23776919
2025-08-22,6.15,6.27,6.04,6.17,17766569
2025-08-25,6.21,6.22,6.08,6.12,13202923
2025-08-26,6.11,6.3,6.04,6.22,14269101
2025-08-27,6.21,6.29,6.02,6.02,18072481
2025-08-28,6.02,6.18,5.81,6.07,15246098
2025-08-29,6.03,6.12,5.95,6.0,9412900
2025-09-01,5.99,6.19,5.98,6.09,10828601
2025-09-02,6.09,6.1,5.86,6.03,12119972
2025-09-03,6.08,6.13,5.79,5.83,9268300
2025-09-04,5.86,6.1,5.79,5.96,15075700
2025-09-05,5.94,6.05,5.85,5.99,8983200
2025-09-08,6.03,6.08,5.96,6.07,6986563
2025-09-09,6.08,6.13,5.99,6.04,8180901
2025-09-10,6.06,6.1,6.01,6.09,6651201
2025-09-11,6.07,6.08,5.93,6.07,7661300
2025-09-12,6.08,6.12,6.03,6.06,6936720
2025-09-15,6.04,6.07,5.94,5.98,6627100
2025-09-16,5.99,6.07,5.94,6.06,8687259
2025-09-17,6.07,6.16,6.03,6.09,7709700
2025-09-18,6.1,6.11,5.83,5.89,11182500
2025-09-19,5.91,5.95,5.65,5.8,10745810
2025-09-22,5.9,5.9,5.63,5.68,8409895
2025-09-23,5.68,5.7,5.26,5.51,14261832
2025-09-24,5.52,5.75,5.41,5.68,10681741
2025-09-25,5.72,5.78,5.59,5.62,6823701
2025-09-26,5.6,5.81,5.59,5.74,7770040
2025-09-29,5.77,5.85,5.58,5.81,7109600
2025-09-30,5.84,5.84,5.74,5.78,4455139
2025-10-09,5.78,5.86,5.74,5.8,5417654
2025-10-10,5.78,5.97,5.72,5.95,8295800
2025-10-13,5.75,5.94,5.6,5.9,8898300
2025-10-14,5.92,6.01,5.87,5.94,8125200
2025-10-15,5.94,6.0,5.89,5.95,5919800
2025-10-16,5.96,5.98,5.82,5.86,5943100
2025-10-17,5.86,5.92,5.78,5.79,6385854
2025-10-20,5.81,5.94,5.75,5.94,4950800
2025-10-21,5.92,6.11,5.92,6.1,7603071
2025-10-22,6.07,6.23,6.02,6.21,9433902
2025-10-23,6.18,6.28,6.13,6.23,10523101
2025-10-24,6.24,6.29,6.16,6.2,9761400
2025-10-27,6.2,6.25,6.08,6.18,8435306
2025-10-28,6.12,6.28,6.12,6.22,6234300
2025-10-29,6.21,6.21,6.04,6.14,8426704
2025-10-30,6.12,6.18,6.04,6.08,10663201
2025-10-31,6.06,6.2,6.02,6.17,10377604
2025-11-03,6.24,6.56,6.18,6.33,23110410
2025-11-04,6.39,6.67,6.23,6.46,22085752
2025-11-05,6.4,6.55,6.32,6.52,23271451
2025-11-06,6.54,6.65,6.41,6.51,13078700
2025-11-07,6.52,6.67,6.46,6.54,12623500
2025-11-10,6.55,6.6,6.46,6.51,10319500
2025-11-11,6.51,6.66,6.49,6.6,11205900
2025-11-12,6.59,6.59,6.44,6.48,9658800
2025-11-13,6.5,6.55,6.39,6.5,9356402
2025-11-14,6.53,6.63,6.37,6.59,10002273
2025-11-17,6.59,6.62,6.5,6.61,8224000
2025-11-18,6.59,6.61,6.42,6.47,8649413
2025-11-19,6.47,6.55,6.27,6.37,9852999
2025-11-20,6.38,6.43,6.23,6.31,8002502
2025-11-21,6.24,6.36,5.88,5.88,15845700
2025-11-24,5.95,6.11,5.9,6.06,12362621
2025-11-25,6.15,6.21,6.11,6.19,8664800
2025-11-26,6.2,6.23,6.0,6.03,8322400
2025-11-27,6.07,6.13,6.0,6.06,5668600
2025-11-28,6.08,6.2,6.01,6.19,6872602
2025-12-01,6.18,6.26,6.11,6.16,6799501
2025-12-02,6.15,6.17,6.01,6.15,7565622
2025-12-03,6.1,6.22,6.04,6.12,5188413
2025-12-04,6.1,6.13,5.89,5.91,8795600
2025-12-05,5.95,6.05,5.86,6.03,8225200
2025-12-08,6.06,6.15,6.02,6.11,9028300
2025-12-09,6.07,6.13,5.98,6.03,6137370
2025-12-10,5.97,6.08,5.86,5.89,10148131
2025-12-11,5.87,5.95,5.73,5.76,8764800
2025-12-12,5.76,5.89,5.67,5.67,8554500
2025-12-15,5.7,5.81,5.64,5.76,7811613
2025-12-16,5.78,5.78,5.61,5.67,6151601
2025-12-17,5.65,5.72,5.54,5.69,7240100
2025-12-18,5.69,5.88,5.6,5.77,8342200
2025-12-19,5.77,5.94,5.77,5.93,7657901
2025-12-22,5.94,6.01,5.9,5.92,5519700
2025-12-23,5.89,5.92,5.81,5.87,4463468
2025-12-24,5.89,5.94,5.83,5.92,3622600
2025-12-25,5.93,6.0,5.86,5.98,4752201
2025-12-26,6.0,6.01,5.89,5.9,4933600
2025-12-29,5.9,5.94,5.85,5.94,5102400
2025-12-30,5.98,6.0,5.82,5.84,9158484
2025-12-31,5.83,5.88,5.76,5.87,5710100
2026-01-05,5.86,5.97,5.8,5.81,9611500
2026-01-06,5.83,5.9,5.78,5.81,9175300
2026-01-07,5.81,5.84,5.73,5.77,7008000
2026-01-08,5.75,5.9,5.73,5.88,10125380
2026-01-09,5.86,5.94,5.83,5.93,9120614
2026-01-12,5.97,5.97,5.88,5.95,8748600
2026-01-13,5.96,5.99,5.88,5.91,9387900
2026-01-14,5.92,6.02,5.85,5.96,15261100
2026-01-15,5.94,5.96,5.85,5.88,9187900
2026-01-16,5.89,5.94,5.82,5.84,7698266
2026-01-19,5.84,6.02,5.8,6.02,9816684
2026-01-20,6.02,6.04,5.95,6.01,7454613
2026-01-21,5.98,6.08,5.92,6.07,7278718
2026-01-22,6.07,6.16,6.05,6.15,6091700
2026-01-23,6.16,6.23,6.09,6.18,7720900
2026-01-26,6.2,6.2,6.06,6.14,10003301
2026-01-27,6.11,6.17,5.93,6.05,8239989
2026-01-28,6.04,6.09,5.98,6.01,6875708
2026-01-29,5.99,6.11,5.93,6.02,8482201
2026-01-30,5.98,6.16,5.96,6.14,9968099
2026-02-02,6.14,6.22,6.07,6.08,11994936
2026-02-03,6.13,6.23,6.07,6.23,9852488
2026-02-04,6.22,6.34,6.19,6.3,8973613
2026-02-05,6.3,6.36,6.23,6.24,6977798
2026-02-06,6.28,6.39,6.22,6.33,7069700
2026-02-09,6.39,6.45,6.34,6.42,7136599
2026-02-10,6.44,6.47,6.37,6.43,7321500
2026-02-11,6.43,6.44,6.35,6.36,5944400
2026-02-12,6.38,6.41,6.28,6.3,6755001
2026-02-13,6.28,6.35,6.23,6.25,5072500
2026-02-24,6.29,6.41,6.26,6.41,6393203
2026-02-25,6.41,6.49,6.36,6.4,7579009
2026-02-26,6.4,6.43,6.34,6.4,6309700
2026-02-27,6.4,6.44,6.34,6.43,7708401
2026-03-02,6.3,6.53,6.18,6.27,11567938
2026-03-03,6.27,6.39,6.14,6.16,11565900
2026-03-04,6.1,6.24,6.01,6.12,10685000
2026-03-05,6.23,6.36,6.23,6.27,10729606
2026-03-06,6.24,6.49,6.19,6.48,11247823
2026-03-09,6.42,6.48,6.35,6.43,9313757
2026-03-10,6.48,6.64,6.44,6.59,11138711
2026-03-11,6.59,6.63,6.49,6.55,7928300
2026-03-12,6.58,6.59,6.41,6.43,8791600
2026-03-13,6.46,6.6,6.4,6.46,9705400
2026-03-16,6.43,6.57,6.4,6.45,8331140
2026-03-17,6.46,6.5,6.25,6.28,8744800
2026-03-18,6.28,6.41,6.21,6.4,8217400
2026-03-19,6.35,6.39,6.16,6.19,8063700
2026-03-20,6.2,6.3,5.85,5.86,16083840
2026-03-23,5.62,5.83,5.37,5.42,17990967
2026-03-24,5.59,5.77,5.43,5.76,15346700
2026-03-25,5.83,5.95,5.8,5.91,10452701
2026-03-26,5.91,5.97,5.82,5.86,10078800
2026-03-27,5.82,6.0,5.77,5.98,6889001
2026-03-30,6.01,6.09,5.89,6.06,8908300
2026-03-31,6.06,6.18,5.88,5.97,9281752
2026-04-01,6.09,6.13,5.87,5.96,8318400
